num_points,points,timestamp_ms
10,"[{""range"": 0.8845039711406122, ""doppler"": 0.0, ""angle"": -1.4132795516808458, ""elevation"": 0.0}, {""range"": 0.9143840717389468, ""doppler"": 0.0, ""angle"": -2.4321228336711043, ""elevation"": 0.0}, {""range"": 2.809250275751619, ""doppler"": 0.0, ""angle"": -1.2035924096611745, ""elevation"": 0.0}, {""range"": 2.824503072494413, ""doppler"": 0.0, ""angle"": -1.4075289888877214, ""elevation"": 0.0}, {""range"": 2.8599953445112116, ""doppler"": 0.0, ""angle"": 0.32240626048334303, ""elevation"": 0.0}, {""range"": 0.8142986510323488, ""doppler"": 0.0, ""angle"": 5.746899071675503, ""elevation"": 0.0}, {""range"": 0.750962855625987, ""doppler"": 0.0, ""angle"": 16.773728966750706, ""elevation"": 0.0}, {""range"": 0.7633585495902578, ""doppler"": 0.0, ""angle"": 14.501734985613016, ""elevation"": 0.0}, {""range"": 0.7269698038333384, ""doppler"": 0.0, ""angle"": 23.191188436367096, ""elevation"": 0.0}, {""range"": 1.874448809723394, ""doppler"": 0.0, ""angle"": 39.64321295678369, ""elevation"": 0.0}]",1785092045335.648
11,"[{""range"": 0.4873607157890513, ""doppler"": 0.0, ""angle"": -34.50635761429404, ""elevation"": 0.0}, {""range"": 0.49786735081366146, ""doppler"": 0.0, ""angle"": -35.2769288941435, ""elevation"": 0.0}, {""range"": 0.6317474283271257, ""doppler"": 0.0, ""angle"": -6.680466505825021, ""elevation"": 0.0}, {""range"": 0.6480949661221773, ""doppler"": 0.0, ""angle"": -10.733273645607511, ""elevation"": 0.0}, {""range"": 2.8608298515930333, ""doppler"": 0.0, ""angle"": 3.5046258901102942, ""elevation"": 0.0}, {""range"": 0.7398428855705472, ""doppler"": 0.0, ""angle"": 14.758364486669507, ""elevation"": 0.0}, {""range"": 1.8799424293906741, ""doppler"": 0.0, ""angle"": 36.876437388944936, ""elevation"": 0.0}, {""range"": 1.9155589082830826, ""doppler"": 0.0, ""angle"": 38.35158527659681, ""elevation"": 0.0}, {""range"": 1.9677646004075204, ""doppler"": 0.0, ""angle"": 40.37088390511372, ""elevation"": 0.0}, {""range"": 2.011606827751959, ""doppler"": 0.0, ""angle"": 43.36116017313819, ""elevation"": 0.0}, {""range"": 2.0395041854779823, ""doppler"": 0.0, ""angle"": 41.737415278320434, ""elevation"": 0.0}]",1785092045336.213
4,"[{""range"": 0.6460316563753331, ""doppler"": 0.0, ""angle"": -2.284271593263643, ""elevation"": 0.0}, {""range"": 0.6568782874038045, ""doppler"": 0.0, ""angle"": -1.6535039425399742, ""elevation"": 0.0}, {""range"": 1.8813171156957766, ""doppler"": 0.0, ""angle"": 37.104067857909406, ""elevation"": 0.0}, {""range"": 1.9036443267326355, ""doppler"": 0.0, ""angle"": 40.2527922809054, ""elevation"": 0.0}]",1785092045336.702
6,"[{""range"": 0.9171841517626088, ""doppler"": 0.0, ""angle"": -2.044611113884488, ""elevation"": 0.0}, {""range"": 1.1504234430476814, ""doppler"": 0.0, ""angle"": 1.2914305149425933, ""elevation"": 0.0}, {""range"": 2.767289859698418, ""doppler"": 0.0, ""angle"": -0.5849705083729503, ""elevation"": 0.0}, {""range"": 2.8043850461106326, ""doppler"": 0.0, ""angle"": -1.6186309629370832, ""elevation"": 0.0}, {""range"": 0.728643086405015, ""doppler"": 0.0, ""angle"": 25.464554101416336, ""elevation"": 0.0}, {""range"": 1.8742137522495679, ""doppler"": 0.0, ""angle"": 38.44552527453721, ""elevation"": 0.0}]",1785092045337.192
5,"[{""range"": 0.6035282073973695, ""doppler"": 0.0, ""angle"": -5.252831237870193, ""elevation"": 0.0}, {""range"": 0.6276397878222204, ""doppler"": 0.0, ""angle"": -4.9358023422896, ""elevation"": 0.0}, {""range"": 0.6662288766045619, ""doppler"": 0.0, ""angle"": -5.282141378016851, ""elevation"": 0.0}, {""range"": 1.6156241911173443, ""doppler"": 0.0, ""angle"": -5.340830021785349, ""elevation"": 0.0}, {""range"": 1.6324208570032517, ""doppler"": 0.0, ""angle"": -4.958051207250955, ""elevation"": 0.0}]",1785092045337.667
7,"[{""range"": 1.1511965544311415, ""doppler"": 0.0, ""angle"": 2.8490723580201673, ""elevation"": 0.0}, {""range"": 2.769984268742324, ""doppler"": 0.0, ""angle"": 0.891417697411738, ""elevation"": 0.0}, {""range"": 2.8009431168386483, ""doppler"": 0.0, ""angle"": 0.06218257592573648, ""elevation"": 0.0}, {""range"": 1.1761889925175273, ""doppler"": 0.0, ""angle"": 5.890007517562853, ""elevation"": 0.0}, {""range"": 0.7417366883915294, ""doppler"": 0.0, ""angle"": 13.409773827233378, ""elevation"": 0.0}, {""range"": 0.7498463995121416, ""doppler"": 0.0, ""angle"": 17.05652027493848, ""elevation"": 0.0}, {""range"": 2.055674371155978, ""doppler"": 0.0, ""angle"": 45.11277294727374, ""elevation"": 0.0}]",1785092045338.14
11,"[{""range"": 0.6264551409815197, ""doppler"": 0.0, ""angle"": -12.897777565724343, ""elevation"": 0.0}, {""range"": 1.571411086328195, ""doppler"": 0.0, ""angle"": -12.459504890697492, ""elevation"": 0.0}, {""range"": 1.5863224694853928, ""doppler"": 0.0, ""angle"": -15.200173138503814, ""elevation"": 0.0}, {""range"": 2.7802835860102206, ""doppler"": 0.0, ""angle"": 0.7886101840914201, ""elevation"": 0.0}, {""range"": 2.8120361407690275, ""doppler"": 0.0, ""angle"": 0.13844813582311283, ""elevation"": 0.0}, {""range"": 0.695617576703132, ""doppler"": 0.0, ""angle"": 6.257241658942041, ""elevation"": 0.0}, {""range"": 0.7541183166739774, ""doppler"": 0.0, ""angle"": 4.201770448864804, ""elevation"": 0.0}, {""range"": 2.7299846146718396, ""doppler"": 0.0, ""angle"": 5.3367923059915015, ""elevation"": 0.0}, {""range"": 2.7496721209368107, ""doppler"": 0.0, ""angle"": 4.199236580220433, ""elevation"": 0.0}, {""range"": 0.7239434895470694, ""doppler"": 0.0, ""angle"": 12.67002833394066, ""elevation"": 0.0}, {""range"": 1.8709865999483068, ""doppler"": 0.0, ""angle"": 40.612579538249534, ""elevation"": 0.0}]",1785092045338.623
6,"[{""range"": 0.6048937106448362, ""doppler"": 0.0, ""angle"": -18.92235558781458, ""elevation"": 0.0}, {""range"": 0.5771256781170296, ""doppler"": 0.0, ""angle"": -11.9992869305214, ""elevation"": 0.0}, {""range"": 0.5826163014405273, ""doppler"": 0.0, ""angle"": -13.95947382269339, ""elevation"": 0.0}, {""range"": 1.8826879705127846, ""doppler"": 0.0, ""angle"": 38.227219102968625, ""elevation"": 0.0}, {""range"": 1.9206245865381382, ""doppler"": 0.0, ""angle"": 37.52923785753915, ""elevation"": 0.0}, {""range"": 1.9541740105145844, ""doppler"": 0.0, ""angle"": 38.151337322007656, ""elevation"": 0.0}]",1785092045339.102
8,"[{""range"": 0.5456142636619048, ""doppler"": 0.0, ""angle"": -4.4735942258487205, ""elevation"": 0.0}, {""range"": 0.5575197674573843, ""doppler"": 0.0, ""angle"": -6.944949050527392, ""elevation"": 0.0}, {""range"": 0.6991791524997553, ""doppler"": 0.0, ""angle"": 0.3956423167912035, ""elevation"": 0.0}, {""range"": 2.809401422454315, ""doppler"": 0.0, ""angle"": -0.7403180113958001, ""elevation"": 0.0}, {""range"": 0.7318167528416772, ""doppler"": 0.0, ""angle"": 39.278571619714405, ""elevation"": 0.0}, {""range"": 1.8730325341026857, ""doppler"": 0.0, ""angle"": 36.095337491708285, ""elevation"": 0.0}, {""range"": 3.5344337561844896, ""doppler"": 0.0, ""angle"": 43.51995593906558, ""elevation"": 0.0}, {""range"": 3.551478955340035, ""doppler"": 0.0, ""angle"": 46.09547001280141, ""elevation"": 0.0}]",1785092045339.5798
9,"[{""range"": 0.5946966772862693, ""doppler"": 0.0, ""angle"": -7.411353966380223, ""elevation"": 0.0}, {""range"": 0.6561481504465831, ""doppler"": 0.0, ""angle"": 2.4834487514714767, ""elevation"": 0.0}, {""range"": 1.1492722532122268, ""doppler"": 0.0, ""angle"": 1.1054769726638884, ""elevation"": 0.0}, {""range"": 2.8103489827577213, ""doppler"": 0.0, ""angle"": 0.8202780535699908, ""elevation"": 0.0}, {""range"": 0.7049196831836658, ""doppler"": 0.0, ""angle"": 6.481432666521526, ""elevation"": 0.0}, {""range"": 0.7272506040169442, ""doppler"": 0.0, ""angle"": 14.015742861902975, ""elevation"": 0.0}, {""range"": 0.7566040388903921, ""doppler"": 0.0, ""angle"": 20.199446953009343, ""elevation"": 0.0}, {""range"": 0.8023519915433649, ""doppler"": 0.0, ""angle"": 31.447724965404657, ""elevation"": 0.0}, {""range"": 2.5999273647353163, ""doppler"": 0.0, ""angle"": 44.621043070312695, ""elevation"": 0.0}]",1785092045340.016
11,"[{""range"": 1.2856955403447374, ""doppler"": 0.0, ""angle"": -43.760269103005925, ""elevation"": 0.0}, {""range"": 1.3117486142330772, ""doppler"": 0.0, ""angle"": -35.39513094427857, ""elevation"": 0.0}, {""range"": 0.537450854666742, ""doppler"": 0.0, ""angle"": -33.684780474272635, ""elevation"": 0.0}, {""range"": 0.549660102277402, ""doppler"": 0.0, ""angle"": -32.5526777877515, ""elevation"": 0.0}, {""range"": 0.5669235933753703, ""doppler"": 0.0, ""angle"": -31.50923703213744, ""elevation"": 0.0}, {""range"": 0.6898716671061924, ""doppler"": 0.0, ""angle"": 0.26731896008579226, ""elevation"": 0.0}, {""range"": 0.7020291766293786, ""doppler"": 0.0, ""angle"": -1.313558391981222, ""elevation"": 0.0}, {""range"": 1.122734304510876, ""doppler"": 0.0, ""angle"": -1.7066828742977111, ""elevation"": 0.0}, {""range"": 1.1410167730521505, ""doppler"": 0.0, ""angle"": 0.17060281985841633, ""elevation"": 0.0}, {""range"": 2.819549212922001, ""doppler"": 0.0, ""angle"": -0.9266237440097785, ""elevation"": 0.0}, {""range"": 0.7601212090465378, ""doppler"": 0.0, ""angle"": 25.051906882667307, ""elevation"": 0.0}]",1785092045340.4128
9,"[{""range"": 0.595330911538131, ""doppler"": 0.0, ""angle"": -15.451336358951698, ""elevation"": 0.0}, {""range"": 0.6094008526679587, ""doppler"": 0.0, ""angle"": -15.504312559587152, ""elevation"": 0.0}, {""range"": 0.6159937603341382, ""doppler"": 0.0, ""angle"": -16.146440914840547, ""elevation"": 0.0}, {""range"": 0.6427731204590188, ""doppler"": 0.0, ""angle"": -18.03675284275391, ""elevation"": 0.0}, {""range"": 1.153304201707657, ""doppler"": 0.0, ""angle"": 0.8706085039722058, ""elevation"": 0.0}, {""range"": 2.6979571798661244, ""doppler"": 0.0, ""angle"": 0.17468171338858504, ""elevation"": 0.0}, {""range"": 2.801098005012627, ""doppler"": 0.0, ""angle"": -1.569304719493306, ""elevation"": 0.0}, {""range"": 2.8229147174279503, ""doppler"": 0.0, ""angle"": -0.6061091000445129, ""elevation"": 0.0}, {""range"": 0.7195158541809026, ""doppler"": 0.0, ""angle"": 4.575624514441609, ""elevation"": 0.0}]",1785092045340.8052
7,"[{""range"": 0.6271665187947413, ""doppler"": 0.0, ""angle"": -1.6011194273969245, ""elevation"": 0.0}, {""range"": 0.6478162563794341, ""doppler"": 0.0, ""angle"": 2.64205919283698, ""elevation"": 0.0}, {""range"": 2.686778830751436, ""doppler"": 0.0, ""angle"": -1.4110347136267947, ""elevation"": 0.0}, {""range"": 0.6693258753366579, ""doppler"": 0.0, ""angle"": 7.630046094877511, ""elevation"": 0.0}, {""range"": 2.662083461527709, ""doppler"": 0.0, ""angle"": 6.758401687407006, ""elevation"": 0.0}, {""range"": 0.6961942049732809, ""doppler"": 0.0, ""angle"": 16.242545353188273, ""elevation"": 0.0}, {""range"": 0.7603209700432343, ""doppler"": 0.0, ""angle"": 36.68124806575684, ""elevation"": 0.0}]",1785092045341.1929
5,"[{""range"": 1.291543723602267, ""doppler"": 0.0, ""angle"": -30.92566455776441, ""elevation"": 0.0}, {""range"": 0.6021964841682357, ""doppler"": 0.0, ""angle"": -3.881976887726215, ""elevation"": 0.0}, {""range"": 0.6533583439795551, ""doppler"": 0.0, ""angle"": 24.151956348263287, ""elevation"": 0.0}, {""range"": 0.6699224375294598, ""doppler"": 0.0, ""angle"": 27.604688554445854, ""elevation"": 0.0}, {""range"": 0.6959002072298734, ""doppler"": 0.0, ""angle"": 30.274452704157813, ""elevation"": 0.0}]",1785092045341.575
12,"[{""range"": 2.2270932749105503, ""doppler"": 0.0, ""angle"": -12.72290816433953, ""elevation"": 0.0}, {""range"": 3.170804082518065, ""doppler"": 0.0, ""angle"": -13.01350710656732, ""elevation"": 0.0}, {""range"": 3.1893686473061638, ""doppler"": 0.0, ""angle"": -12.929848619605178, ""elevation"": 0.0}, {""range"": 4.162260967969557, ""doppler"": 0.0, ""angle"": -13.530582685627447, ""elevation"": 0.0}, {""range"": 0.5833909496921008, ""doppler"": 0.0, ""angle"": -6.741641574122887, ""elevation"": 0.0}, {""range"": 0.5909713962342201, ""doppler"": 0.0, ""angle"": -5.974523776999533, ""elevation"": 0.0}, {""range"": 0.6087296191945046, ""doppler"": 0.0, ""angle"": -5.427566480798157, ""elevation"": 0.0}, {""range"": 1.4726216106145706, ""doppler"": 0.0, ""angle"": -6.715120559018264, ""elevation"": 0.0}, {""range"": 2.267023623319515, ""doppler"": 0.0, ""angle"": -6.603701364794914, ""elevation"": 0.0}, {""range"": 2.2907416241855283, ""doppler"": 0.0, ""angle"": -2.930748727839839, ""elevation"": 0.0}, {""range"": 2.3048617558824542, ""doppler"": 0.0, ""angle"": -1.7071614494780303, ""elevation"": 0.0}, {""range"": 0.8242251940568096, ""doppler"": 0.0, ""angle"": 58.02360396086541, ""elevation"": 0.0}]",1785092045341.978
7,"[{""range"": 0.555033296245907, ""doppler"": 0.0, ""angle"": -14.058628128263233, ""elevation"": 0.0}, {""range"": 0.5691746401669576, ""doppler"": 0.0, ""angle"": -12.79628759632671, ""elevation"": 0.0}, {""range"": 0.9261668548354712, ""doppler"": 0.0, ""angle"": -0.7964916750514475, ""elevation"": 0.0}, {""range"": 0.6534647522351978, ""doppler"": 0.0, ""angle"": 27.245191864792783, ""elevation"": 0.0}, {""range"": 0.6935068553512816, ""doppler"": 0.0, ""angle"": 35.5874807829347, ""elevation"": 0.0}, {""range"": 0.739043528459698, ""doppler"": 0.0, ""angle"": 36.64809075191245, ""elevation"": 0.0}, {""range"": 0.7642639967981111, ""doppler"": 0.0, ""angle"": 37.5187340877701, ""elevation"": 0.0}]",1785092045342.373
6,"[{""range"": 4.088526932553602, ""doppler"": 0.0, ""angle"": -19.501611931837193, ""elevation"": 0.0}, {""range"": 0.5583101661427606, ""doppler"": 0.0, ""angle"": -13.502157054538955, ""elevation"": 0.0}, {""range"": 0.5460548360592837, ""doppler"": 0.0, ""angle"": -9.138446419508448, ""elevation"": 0.0}, {""range"": 0.6826360062680134, ""doppler"": 0.0, ""angle"": 7.374466798732541, ""elevation"": 0.0}, {""range"": 0.7573988362181089, ""doppler"": 0.0, ""angle"": 51.961294229126786, ""elevation"": 0.0}, {""range"": 0.7631120076846823, ""doppler"": 0.0, ""angle"": 51.54567232556371, ""elevation"": 0.0}]",1785092045342.7542
7,"[{""range"": 0.5387196459629693, ""doppler"": 0.0, ""angle"": -11.235338349373174, ""elevation"": 0.0}, {""range"": 2.1174744515193864, ""doppler"": 0.0, ""angle"": -10.244259542205118, ""elevation"": 0.0}, {""range"": 0.6472421500249395, ""doppler"": 0.0, ""angle"": 6.1216867662481, ""elevation"": 0.0}, {""range"": 0.6202026175550944, ""doppler"": 0.0, ""angle"": 24.022870921266087, ""elevation"": 0.0}, {""range"": 0.6443261824527562, ""doppler"": 0.0, ""angle"": 23.399026793636928, ""elevation"": 0.0}, {""range"": 3.3755505622413056, ""doppler"": 0.0, ""angle"": 21.28287919693763, ""elevation"": 0.0}, {""range"": 0.599953366997527, ""doppler"": 0.0, ""angle"": 27.168383525799605, ""elevation"": 0.0}]",1785092045343.1401
6,"[{""range"": 2.1224247302623227, ""doppler"": 0.0, ""angle"": -12.875942719209691, ""elevation"": 0.0}, {""range"": 2.1324709720415753, ""doppler"": 0.0, ""angle"": -12.184350343510756, ""elevation"": 0.0}, {""range"": 0.6388019626087222, ""doppler"": 0.0, ""angle"": 2.1175347767547414, ""elevation"": 0.0}, {""range"": 2.8124470427536052, ""doppler"": 0.0, ""angle"": 0.3788577202901914, ""elevation"": 0.0}, {""range"": 0.6624221266508767, ""doppler"": 0.0, ""angle"": 8.162911539067562, ""elevation"": 0.0}, {""range"": 0.6012872398966386, ""doppler"": 0.0, ""angle"": 26.854613763206366, ""elevation"": 0.0}]",1785092045343.5369
3,"[{""range"": 0.6724447485791796, ""doppler"": 0.0, ""angle"": -5.2178785597880974, ""elevation"": 0.0}, {""range"": 0.6471845458709715, ""doppler"": 0.0, ""angle"": -0.7598884127521981, ""elevation"": 0.0}, {""range"": 0.7390482226539585, ""doppler"": 0.0, ""angle"": 41.17418823596332, ""elevation"": 0.0}]",1785092045343.9202
4,"[{""range"": 0.6606646395339139, ""doppler"": 0.0, ""angle"": -9.408784296679656, ""elevation"": 0.0}, {""range"": 0.9107650028273757, ""doppler"": 0.0, ""angle"": -1.3275122024417436, ""elevation"": 0.0}, {""range"": 0.6397761663733633, ""doppler"": 0.0, ""angle"": 25.992112479394503, ""elevation"": 0.0}, {""range"": 0.7130760045007164, ""doppler"": 0.0, ""angle"": 41.1670027320794, ""elevation"": 0.0}]",1785092045344.3022
6,"[{""range"": 0.5702690360789763, ""doppler"": 0.0, ""angle"": -6.119969431862854, ""elevation"": 0.0}, {""range"": 0.6222315119124482, ""doppler"": 0.0, ""angle"": 8.560889571164607, ""elevation"": 0.0}, {""range"": 0.6446177601985288, ""doppler"": 0.0, ""angle"": 9.25851648232266, ""elevation"": 0.0}, {""range"": 0.6590441234400146, ""doppler"": 0.0, ""angle"": 6.762511710678396, ""elevation"": 0.0}, {""range"": 0.6822782684786629, ""doppler"": 0.0, ""angle"": 4.464352061525604, ""elevation"": 0.0}, {""range"": 0.7662051894234586, ""doppler"": 0.0, ""angle"": 38.185765201903436, ""elevation"": 0.0}]",1785092045359.2761
7,"[{""range"": 0.5493770552845966, ""doppler"": 0.0, ""angle"": -13.131600829335317, ""elevation"": 0.0}, {""range"": 2.6923114543924433, ""doppler"": 0.0, ""angle"": 4.098088415612256, ""elevation"": 0.0}, {""range"": 0.6076152479490958, ""doppler"": 0.0, ""angle"": 13.582303535256317, ""elevation"": 0.0}, {""range"": 0.6362199280756501, ""doppler"": 0.0, ""angle"": 20.20736308018664, ""elevation"": 0.0}, {""range"": 0.7944726444882365, ""doppler"": 0.0, ""angle"": 34.14788035442725, ""elevation"": 0.0}, {""range"": 0.6686214544116995, ""doppler"": 0.0, ""angle"": 40.97691210400783, ""elevation"": 0.0}, {""range"": 0.8082800657984147, ""doppler"": 0.0, ""angle"": 36.6620204145254, ""elevation"": 0.0}]",1785092045461.6
5,"[{""range"": 0.6655610531488234, ""doppler"": 0.0, ""angle"": 8.310790599703843, ""elevation"": 0.0}, {""range"": 0.6567598472194428, ""doppler"": 0.0, ""angle"": 14.554589082624817, ""elevation"": 0.0}, {""range"": 0.7385794780892463, ""doppler"": 0.0, ""angle"": 36.037571992954796, ""elevation"": 0.0}, {""range"": 0.7692645491928962, ""doppler"": 0.0, ""angle"": 39.80386586073257, ""elevation"": 0.0}, {""range"": 0.8088656966426263, ""doppler"": 0.0, ""angle"": 43.8893391591104, ""elevation"": 0.0}]",1785092045562.04
8,"[{""range"": 0.9184557676092723, ""doppler"": 0.0, ""angle"": -2.365511106157153, ""elevation"": 0.0}, {""range"": 3.4253098833989597, ""doppler"": 0.0, ""angle"": 2.6001175014475413, ""elevation"": 0.0}, {""range"": 3.456515532964896, ""doppler"": 0.0, ""angle"": 0.8714642061544111, ""elevation"": 0.0}, {""range"": 0.6608102027510633, ""doppler"": 0.0, ""angle"": 8.38663908856257, ""elevation"": 0.0}, {""range"": 0.6679348646061097, ""doppler"": 0.0, ""angle"": 8.110579316422255, ""elevation"": 0.0}, {""range"": 3.412827779088884, ""doppler"": 0.0, ""angle"": 3.887560619025714, ""elevation"": 0.0}, {""range"": 3.564040867049556, ""doppler"": 0.0, ""angle"": 6.999865989984635, ""elevation"": 0.0}, {""range"": 0.6979829626636893, ""doppler"": 0.0, ""angle"": 19.827602686865525, ""elevation"": 0.0}]",1785092045662.931
11,"[{""range"": 1.3088957328348625, ""doppler"": 0.0, ""angle"": -42.91290921766573, ""elevation"": 0.0}, {""range"": 0.5645713221299935, ""doppler"": 0.0, ""angle"": -11.028776486043874, ""elevation"": 0.0}, {""range"": 0.5792985606152706, ""doppler"": 0.0, ""angle"": -11.556192858767353, ""elevation"": 0.0}, {""range"": 0.615778749734008, ""doppler"": 0.0, ""angle"": -12.732732108236993, ""elevation"": 0.0}, {""range"": 0.6511499536205085, ""doppler"": 0.0, ""angle"": -14.780401781657144, ""elevation"": 0.0}, {""range"": 2.518672213196218, ""doppler"": 0.0, ""angle"": -9.628836469945341, ""elevation"": 0.0}, {""range"": 2.808579236433605, ""doppler"": 0.0, ""angle"": 0.8463326364883633, ""elevation"": 0.0}, {""range"": 3.4525920884725316, ""doppler"": 0.0, ""angle"": 2.9330898616525753, ""elevation"": 0.0}, {""range"": 3.481156993913723, ""doppler"": 0.0, ""angle"": 1.303891921547725, ""elevation"": 0.0}, {""range"": 3.4360635953418206, ""doppler"": 0.0, ""angle"": 5.695461975109818, ""elevation"": 0.0}, {""range"": 3.4428706288506064, ""doppler"": 0.0, ""angle"": 3.8267434465863626, ""elevation"": 0.0}]",1785092045766.231
10,"[{""range"": 0.5903304471461706, ""doppler"": 0.0, ""angle"": -6.522265026785007, ""elevation"": 0.0}, {""range"": 0.5972954211160076, ""doppler"": 0.0, ""angle"": -6.773969734587712, ""elevation"": 0.0}, {""range"": 0.6235143431260015, ""doppler"": 0.0, ""angle"": -7.5142922987099094, ""elevation"": 0.0}, {""range"": 0.6716363964188251, ""doppler"": 0.0, ""angle"": -5.300769929180099, ""elevation"": 0.0}, {""range"": 0.7007696185037623, ""doppler"": 0.0, ""angle"": -2.2374355916910487, ""elevation"": 0.0}, {""range"": 1.4925702033151258, ""doppler"": 0.0, ""angle"": 0.2127903436764655, ""elevation"": 0.0}, {""range"": 1.5125926616931544, ""doppler"": 0.0, ""angle"": -0.1557866983488209, ""elevation"": 0.0}, {""range"": 1.5340586970526437, ""doppler"": 0.0, ""angle"": -0.9083204958274542, ""elevation"": 0.0}, {""range"": 2.8065171407742833, ""doppler"": 0.0, ""angle"": -1.1536464131670292, ""elevation"": 0.0}, {""range"": 0.8278084242835, ""doppler"": 0.0, ""angle"": 45.13127160361992, ""elevation"": 0.0}]",1785092045872.8582
9,"[{""range"": 0.6698558529004119, ""doppler"": 0.0, ""angle"": -1.3919599794237236, ""elevation"": 0.0}, {""range"": 0.6971356093312029, ""doppler"": 0.0, ""angle"": -1.0581906278095818, ""elevation"": 0.0}, {""range"": 2.7967909910892366, ""doppler"": 0.0, ""angle"": 2.4917806085359033, ""elevation"": 0.0}, {""range"": 2.8168560493289765, ""doppler"": 0.0, ""angle"": 0.01818567180506543, ""elevation"": 0.0}, {""range"": 2.702682895382599, ""doppler"": 0.0, ""angle"": 5.253802751262255, ""elevation"": 0.0}, {""range"": 2.7474935633007913, ""doppler"": 0.0, ""angle"": 16.93247639661366, ""elevation"": 0.0}, {""range"": 0.7265149417175489, ""doppler"": 0.0, ""angle"": 24.470797768874885, ""elevation"": 0.0}, {""range"": 0.7362250030251262, ""doppler"": 0.0, ""angle"": 19.125862208187623, ""elevation"": 0.0}, {""range"": 1.8720466242457068, ""doppler"": 0.0, ""angle"": 41.49173863923544, ""elevation"": 0.0}]",1785092045966.1528
7,"[{""range"": 0.6201668374904572, ""doppler"": 0.0, ""angle"": -6.190594750307404, ""elevation"": 0.0}, {""range"": 0.6244509533142129, ""doppler"": 0.0, ""angle"": -8.480467027048938, ""elevation"": 0.0}, {""range"": 0.6775263747050365, ""doppler"": 0.0, ""angle"": 0.0604864167096018, ""elevation"": 0.0}, {""range"": 2.801619637260056, ""doppler"": 0.0, ""angle"": 0.86672181523045, ""elevation"": 0.0}, {""range"": 0.7307070343148041, ""doppler"": 0.0, ""angle"": 6.392836215568402, ""elevation"": 0.0}, {""range"": 0.7455923548864297, ""doppler"": 0.0, ""angle"": 12.296299188770291, ""elevation"": 0.0}, {""range"": 1.8774774147063449, ""doppler"": 0.0, ""angle"": 38.84133376655894, ""elevation"": 0.0}]",1785092046062.016
9,"[{""range"": 1.3214535334423367, ""doppler"": 0.0, ""angle"": -43.58544146618673, ""elevation"": 0.0}, {""range"": 0.6612125608023082, ""doppler"": 0.0, ""angle"": -4.373749195999324, ""elevation"": 0.0}, {""range"": 0.6766973492461302, ""doppler"": 0.0, ""angle"": -3.575389959827774, ""elevation"": 0.0}, {""range"": 0.6922186723325823, ""doppler"": 0.0, ""angle"": -0.5328309481798127, ""elevation"": 0.0}, {""range"": 2.66160355872351, ""doppler"": 0.0, ""angle"": 0.581252748252101, ""elevation"": 0.0}, {""range"": 2.6809574127642506, ""doppler"": 0.0, ""angle"": 3.2423638734069162, ""elevation"": 0.0}, {""range"": 2.8058694070509516, ""doppler"": 0.0, ""angle"": -1.7785056261597108, ""elevation"": 0.0}, {""range"": 2.82235641813911, ""doppler"": 0.0, ""angle"": -0.5626661809323187, ""elevation"": 0.0}, {""range"": 0.7451474446084732, ""doppler"": 0.0, ""angle"": 15.220147697237358, ""elevation"": 0.0}]",1785092046165.994
14,"[{""range"": 0.7545940613291021, ""doppler"": 0.0, ""angle"": -15.475417299672287, ""elevation"": 0.0}, {""range"": 0.6677395241138652, ""doppler"": 0.0, ""angle"": -6.118227837357028, ""elevation"": 0.0}, {""range"": 0.6894140106023776, ""doppler"": 0.0, ""angle"": 0.9065501660940075, ""elevation"": 0.0}, {""range"": 0.7037996972192154, ""doppler"": 0.0, ""angle"": 2.8689477488337047, ""elevation"": 0.0}, {""range"": 1.1557992996200337, ""doppler"": 0.0, ""angle"": -0.8421332335563667, ""elevation"": 0.0}, {""range"": 1.1763650686631153, ""doppler"": 0.0, ""angle"": 1.3065040714488994, ""elevation"": 0.0}, {""range"": 2.435114740620037, ""doppler"": 0.0, ""angle"": -2.7905499611516156, ""elevation"": 0.0}, {""range"": 2.454017014421853, ""doppler"": 0.0, ""angle"": -2.058670262313873, ""elevation"": 0.0}, {""range"": 2.4634737044211517, ""doppler"": 0.0, ""angle"": -1.7927684409946345, ""elevation"": 0.0}, {""range"": 2.4818293512049276, ""doppler"": 0.0, ""angle"": -1.2674355083112756, ""elevation"": 0.0}, {""range"": 2.5162576184429435, ""doppler"": 0.0, ""angle"": -0.6596195158397224, ""elevation"": 0.0}, {""range"": 2.8017126503226284, ""doppler"": 0.0, ""angle"": -0.36202493523553025, ""elevation"": 0.0}, {""range"": 2.8181441957922964, ""doppler"": 0.0, ""angle"": -1.4725281782831816, ""elevation"": 0.0}, {""range"": 0.7483387078824638, ""doppler"": 0.0, ""angle"": 12.923811620000937, ""elevation"": 0.0}]",1785092046266.1692
8,"[{""range"": 0.8125662874479769, ""doppler"": 0.0, ""angle"": -36.87746277667191, ""elevation"": 0.0}, {""range"": 0.6764410838041403, ""doppler"": 0.0, ""angle"": 1.2723570367532069, ""elevation"": 0.0}, {""range"": 0.6929184158424369, ""doppler"": 0.0, ""angle"": 0.3696450618470238, ""elevation"": 0.0}, {""range"": 0.7110164824473092, ""doppler"": 0.0, ""angle"": 1.9456358535022185, ""elevation"": 0.0}, {""range"": 1.1503140560861582, ""doppler"": 0.0, ""angle"": -0.15141084787330714, ""elevation"": 0.0}, {""range"": 1.164499824138377, ""doppler"": 0.0, ""angle"": 0.5982757070623387, ""elevation"": 0.0}, {""range"": 2.7738747275862554, ""doppler"": 0.0, ""angle"": -0.831064811715596, ""elevation"": 0.0}, {""range"": 2.79607589150798, ""doppler"": 0.0, ""angle"": -1.4181767057285875, ""elevation"": 0.0}]",1785092046363.1138
13,"[{""range"": 0.8088892956804123, ""doppler"": 0.0, ""angle"": -11.488779379707308, ""elevation"": 0.0}, {""range"": 0.895444337715328, ""doppler"": 0.0, ""angle"": -1.4875704455423424, ""elevation"": 0.0}, {""range"": 1.155330709057563, ""doppler"": 0.0, ""angle"": 1.0464628784007095, ""elevation"": 0.0}, {""range"": 1.1735124885517378, ""doppler"": 0.0, ""angle"": 2.786109138877153, ""elevation"": 0.0}, {""range"": 2.5540138462358923, ""doppler"": 0.0, ""angle"": 0.1925496788644713, ""elevation"": 0.0}, {""range"": 2.5712506768937824, ""doppler"": 0.0, ""angle"": 0.46619780676427586, ""elevation"": 0.0}, {""range"": 2.575529077541441, ""doppler"": 0.0, ""angle"": 0.799590615261704, ""elevation"": 0.0}, {""range"": 2.621684856720629, ""doppler"": 0.0, ""angle"": 0.48458544825139976, ""elevation"": 0.0}, {""range"": 2.8073849704546374, ""doppler"": 0.0, ""angle"": 0.1204304420038501, ""elevation"": 0.0}, {""range"": 2.82465903460208, ""doppler"": 0.0, ""angle"": -0.5150532752594988, ""elevation"": 0.0}, {""range"": 0.7084334571349912, ""doppler"": 0.0, ""angle"": 5.126344375460348, ""elevation"": 0.0}, {""range"": 0.7208985277307064, ""doppler"": 0.0, ""angle"": 5.194428907734806, ""elevation"": 0.0}, {""range"": 0.736236468517248, ""doppler"": 0.0, ""angle"": 4.94623316124837, ""elevation"": 0.0}]",1785092046472.6091
9,"[{""range"": 1.2921433537728388, ""doppler"": 0.0, ""angle"": -41.381348403628614, ""elevation"": 0.0}, {""range"": 0.714779620849381, ""doppler"": 0.0, ""angle"": 3.226739771640446, ""elevation"": 0.0}, {""range"": 0.7226864207370131, ""doppler"": 0.0, ""angle"": 0.9498801098891778, ""elevation"": 0.0}, {""range"": 0.7329604979894663, ""doppler"": 0.0, ""angle"": 0.1397796190377451, ""elevation"": 0.0}, {""range"": 0.9069832133390267, ""doppler"": 0.0, ""angle"": -0.5309196691673133, ""elevation"": 0.0}, {""range"": 1.1487810996302794, ""doppler"": 0.0, ""angle"": -0.6778138392561093, ""elevation"": 0.0}, {""range"": 1.1671216313970312, ""doppler"": 0.0, ""angle"": 0.13167384398187065, ""elevation"": 0.0}, {""range"": 1.883005923666013, ""doppler"": 0.0, ""angle"": 36.582615889538076, ""elevation"": 0.0}, {""range"": 1.9073920021490882, ""doppler"": 0.0, ""angle"": 40.97066908283765, ""elevation"": 0.0}]",1785092046561.831
11,"[{""range"": 0.8110325538628171, ""doppler"": 0.0, ""angle"": -21.944502026121903, ""elevation"": 0.0}, {""range"": 2.6000317005588305, ""doppler"": 0.0, ""angle"": -4.4295316322469835, ""elevation"": 0.0}, {""range"": 0.8907293565776789, ""doppler"": 0.0, ""angle"": -1.7485949981259172, ""elevation"": 0.0}, {""range"": 1.1431760542554472, ""doppler"": 0.0, ""angle"": -1.4699493269181587, ""elevation"": 0.0}, {""range"": 2.4781686586310174, ""doppler"": 0.0, ""angle"": -0.6614892056366766, ""elevation"": 0.0}, {""range"": 2.5148680718042224, ""doppler"": 0.0, ""angle"": -1.5523401618790325, ""elevation"": 0.0}, {""range"": 2.5574454801015007, ""doppler"": 0.0, ""angle"": -2.468497446561591, ""elevation"": 0.0}, {""range"": 2.637353050140044, ""doppler"": 0.0, ""angle"": -2.7630813378392713, ""elevation"": 0.0}, {""range"": 0.7240198061267753, ""doppler"": 0.0, ""angle"": 3.8234876450341724, ""elevation"": 0.0}, {""range"": 0.7289724571812098, ""doppler"": 0.0, ""angle"": 4.868685780737395, ""elevation"": 0.0}, {""range"": 0.7406516546433602, ""doppler"": 0.0, ""angle"": 4.18121478216683, ""elevation"": 0.0}]",1785092046671.8198
13,"[{""range"": 0.7974785733815395, ""doppler"": 0.0, ""angle"": -29.956815436468982, ""elevation"": 0.0}, {""range"": 0.7364024375740451, ""doppler"": 0.0, ""angle"": 3.1597650604452845, ""elevation"": 0.0}, {""range"": 1.1259103541895297, ""doppler"": 0.0, ""angle"": -0.7552849806336833, ""elevation"": 0.0}, {""range"": 1.1461980024847531, ""doppler"": 0.0, ""angle"": -0.06256946913545121, ""elevation"": 0.0}, {""range"": 1.1655435157652008, ""doppler"": 0.0, ""angle"": 0.43951101328299297, ""elevation"": 0.0}, {""range"": 2.4491551098495, ""doppler"": 0.0, ""angle"": -1.6484046697889747, ""elevation"": 0.0}, {""range"": 2.4621618381535133, ""doppler"": 0.0, ""angle"": -1.7479300679294951, ""elevation"": 0.0}, {""range"": 2.674293138230775, ""doppler"": 0.0, ""angle"": 1.5862469601198774, ""elevation"": 0.0}, {""range"": 2.8010648044032274, ""doppler"": 0.0, ""angle"": -0.5376808187441361, ""elevation"": 0.0}, {""range"": 0.7158297232421601, ""doppler"": 0.0, ""angle"": 4.8290138825276525, ""elevation"": 0.0}, {""range"": 0.723200152475734, ""doppler"": 0.0, ""angle"": 3.913021411949307, ""elevation"": 0.0}, {""range"": 2.6921316902626424, ""doppler"": 0.0, ""angle"": 4.83127452130289, ""elevation"": 0.0}, {""range"": 2.7438618334790807, ""doppler"": 0.0, ""angle"": 11.133453566065754, ""elevation"": 0.0}]",1785092046772.959
9,"[{""range"": 0.7946536508129955, ""doppler"": 0.0, ""angle"": -4.387828224590264, ""elevation"": 0.0}, {""range"": 0.7199272843020346, ""doppler"": 0.0, ""angle"": 3.1608846697774653, ""elevation"": 0.0}, {""range"": 0.7344163660650282, ""doppler"": 0.0, ""angle"": 1.8557061935888097, ""elevation"": 0.0}, {""range"": 1.14820516680863, ""doppler"": 0.0, ""angle"": -2.0794848701969566, ""elevation"": 0.0}, {""range"": 2.444757947483601, ""doppler"": 0.0, ""angle"": -0.192773252818334, ""elevation"": 0.0}, {""range"": 2.4595882666396247, ""doppler"": 0.0, ""angle"": 0.08330896275618098, ""elevation"": 0.0}, {""range"": 2.797545288347148, ""doppler"": 0.0, ""angle"": 0.054933616449474025, ""elevation"": 0.0}, {""range"": 0.6870847885715605, ""doppler"": 0.0, ""angle"": 4.971678360152619, ""elevation"": 0.0}, {""range"": 0.7079471520993759, ""doppler"": 0.0, ""angle"": 4.099020748375995, ""elevation"": 0.0}]",1785092046866.43
12,"[{""range"": 0.8018378303092707, ""doppler"": 0.0, ""angle"": -12.07423183135094, ""elevation"": 0.0}, {""range"": 0.6834015456053292, ""doppler"": 0.0, ""angle"": -1.2144106620767767, ""elevation"": 0.0}, {""range"": 0.7079258113219058, ""doppler"": 0.0, ""angle"": -0.11577812887780584, ""elevation"": 0.0}, {""range"": 0.7226694309023505, ""doppler"": 0.0, ""angle"": 1.9993625940225805, ""elevation"": 0.0}, {""range"": 0.7351482533399022, ""doppler"": 0.0, ""angle"": 3.402468975814396, ""elevation"": 0.0}, {""range"": 0.7939198934124123, ""doppler"": 0.0, ""angle"": 2.6980755889070456, ""elevation"": 0.0}, {""range"": 1.1506801717919046, ""doppler"": 0.0, ""angle"": -0.26711125605678826, ""elevation"": 0.0}, {""range"": 1.1706012521935547, ""doppler"": 0.0, ""angle"": 0.6914370378615412, ""elevation"": 0.0}, {""range"": 2.4293256657230997, ""doppler"": 0.0, ""angle"": -0.6115254001175272, ""elevation"": 0.0}, {""range"": 2.4408593932634273, ""doppler"": 0.0, ""angle"": -1.2551254975223458, ""elevation"": 0.0}, {""range"": 2.4470509208602613, ""doppler"": 0.0, ""angle"": -0.6573401569930676, ""elevation"": 0.0}, {""range"": 2.8007411391994235, ""doppler"": 0.0, ""angle"": -0.6072496025160783, ""elevation"": 0.0}]",1785092046973.164
10,"[{""range"": 0.6863446246984929, ""doppler"": 0.0, ""angle"": 2.7177907531373435, ""elevation"": 0.0}, {""range"": 0.7033848567911841, ""doppler"": 0.0, ""angle"": 3.3228390026511363, ""elevation"": 0.0}, {""range"": 0.7167029566230692, ""doppler"": 0.0, ""angle"": 2.8888180203582516, ""elevation"": 0.0}, {""range"": 0.7360591677198818, ""doppler"": 0.0, ""angle"": 2.6316357646697566, ""elevation"": 0.0}, {""range"": 1.1520694678096624, ""doppler"": 0.0, ""angle"": -0.9249058478743128, ""elevation"": 0.0}, {""range"": 2.4313751478187116, ""doppler"": 0.0, ""angle"": 0.3371044694223197, ""elevation"": 0.0}, {""range"": 2.442879415421631, ""doppler"": 0.0, ""angle"": 0.5242495110543431, ""elevation"": 0.0}, {""range"": 2.452816131024006, ""doppler"": 0.0, ""angle"": 0.7393401928202856, ""elevation"": 0.0}, {""range"": 2.4817637737856963, ""doppler"": 0.0, ""angle"": 0.6976875732589202, ""elevation"": 0.0}, {""range"": 0.7970958205977164, ""doppler"": 0.0, ""angle"": 4.490384833103354, ""elevation"": 0.0}]",1785092047072.0288
12,"[{""range"": 0.9046470332477393, ""doppler"": 0.0, ""angle"": -1.223211553863129, ""elevation"": 0.0}, {""range"": 0.9161474295175509, ""doppler"": 0.0, ""angle"": -1.7783837584529032, ""elevation"": 0.0}, {""range"": 1.1525086312361892, ""doppler"": 0.0, ""angle"": -1.5291842352971798, ""elevation"": 0.0}, {""range"": 2.433911664327223, ""doppler"": 0.0, ""angle"": -0.4504093836979265, ""elevation"": 0.0}, {""range"": 2.4459959710495696, ""doppler"": 0.0, ""angle"": -0.020942969866717037, ""elevation"": 0.0}, {""range"": 2.448680373599914, ""doppler"": 0.0, ""angle"": 0.0794960648600028, ""elevation"": 0.0}, {""range"": 2.4718223442187646, ""doppler"": 0.0, ""angle"": -0.8248496900515546, ""elevation"": 0.0}, {""range"": 2.7998646437858064, ""doppler"": 0.0, ""angle"": -0.6403745229458516, ""elevation"": 0.0}, {""range"": 0.7131220314121203, ""doppler"": 0.0, ""angle"": 10.678785848150397, ""elevation"": 0.0}, {""range"": 0.7270859760460027, ""doppler"": 0.0, ""angle"": 11.67747379220734, ""elevation"": 0.0}, {""range"": 0.7379246160006868, ""doppler"": 0.0, ""angle"": 12.938422031815554, ""elevation"": 0.0}, {""range"": 0.7900280907511494, ""doppler"": 0.0, ""angle"": 26.11847908623605, ""elevation"": 0.0}]",1785092047176.29
14,"[{""range"": 0.7544697286693112, ""doppler"": 0.0, ""angle"": -4.880923812222667, ""elevation"": 0.0}, {""range"": 0.7489769297506168, ""doppler"": 0.0, ""angle"": -3.6684881078194147, ""elevation"": 0.0}, {""range"": 0.7990133534518431, ""doppler"": 0.0, ""angle"": -5.34186175016317, ""elevation"": 0.0}, {""range"": 0.8981502634199594, ""doppler"": 0.0, ""angle"": -2.5103636059997694, ""elevation"": 0.0}, {""range"": 0.9197818388886105, ""doppler"": 0.0, ""angle"": -2.4735862217653457, ""elevation"": 0.0}, {""range"": 1.1518145200103715, ""doppler"": 0.0, ""angle"": 0.6493421567373768, ""elevation"": 0.0}, {""range"": 1.1659669504022079, ""doppler"": 0.0, ""angle"": 2.9361234674669943, ""elevation"": 0.0}, {""range"": 2.4333973206848807, ""doppler"": 0.0, ""angle"": -0.8631400202800258, ""elevation"": 0.0}, {""range"": 2.4440866529229894, ""doppler"": 0.0, ""angle"": -1.0564100874746363, ""elevation"": 0.0}, {""range"": 2.450921792981611, ""doppler"": 0.0, ""angle"": -0.8611486184923262, ""elevation"": 0.0}, {""range"": 2.475734772832261, ""doppler"": 0.0, ""angle"": -0.3848629363759279, ""elevation"": 0.0}, {""range"": 2.8036191144254445, ""doppler"": 0.0, ""angle"": -1.8274631186662436, ""elevation"": 0.0}, {""range"": 3.481177898908417, ""doppler"": 0.0, ""angle"": 3.2420287978576092, ""elevation"": 0.0}, {""range"": 3.506898816181838, ""doppler"": 0.0, ""angle"": 1.0021137433918257, ""elevation"": 0.0}]",1785092047272.469
9,"[{""range"": 1.1562542607807362, ""doppler"": 0.0, ""angle"": 0.4962083876023689, ""elevation"": 0.0}, {""range"": 1.170912651046909, ""doppler"": 0.0, ""angle"": 2.0566510994711398, ""elevation"": 0.0}, {""range"": 2.440831484282649, ""doppler"": 0.0, ""angle"": -0.2392557105954675, ""elevation"": 0.0}, {""range"": 2.4503270375821624, ""doppler"": 0.0, ""angle"": 0.3261346081560721, ""elevation"": 0.0}, {""range"": 3.48210211222136, ""doppler"": 0.0, ""angle"": 0.8856584678616943, ""elevation"": 0.0}, {""range"": 0.7304560598273498, ""doppler"": 0.0, ""angle"": 7.3981495620867355, ""elevation"": 0.0}, {""range"": 0.7378881527343208, ""doppler"": 0.0, ""angle"": 5.995197644375567, ""elevation"": 0.0}, {""range"": 0.7418488672083527, ""doppler"": 0.0, ""angle"": 6.129725870437225, ""elevation"": 0.0}, {""range"": 0.786607070074037, ""doppler"": 0.0, ""angle"": 12.48501332546923, ""elevation"": 0.0}]",1785092047362.417
13,"[{""range"": 0.7510771260218135, ""doppler"": 0.0, ""angle"": -3.384884000585132, ""elevation"": 0.0}, {""range"": 0.7628091150389481, ""doppler"": 0.0, ""angle"": -3.023376263906272, ""elevation"": 0.0}, {""range"": 0.8062579316488477, ""doppler"": 0.0, ""angle"": -2.9366496408482345, ""elevation"": 0.0}, {""range"": 0.8787661941191001, ""doppler"": 0.0, ""angle"": 0.746178790336237, ""elevation"": 0.0}, {""range"": 0.9161928519885806, ""doppler"": 0.0, ""angle"": -0.9617361425159763, ""elevation"": 0.0}, {""range"": 1.154564021576414, ""doppler"": 0.0, ""angle"": -0.8962827904729939, ""elevation"": 0.0}, {""range"": 1.1697735068226673, ""doppler"": 0.0, ""angle"": 1.6906065219512614, ""elevation"": 0.0}, {""range"": 2.446619799013128, ""doppler"": 0.0, ""angle"": -1.2940555152775952, ""elevation"": 0.0}, {""range"": 2.4609394375243845, ""doppler"": 0.0, ""angle"": -1.1074694245069598, ""elevation"": 0.0}, {""range"": 2.7973824767116438, ""doppler"": 0.0, ""angle"": 2.3446246725760562, ""elevation"": 0.0}, {""range"": 3.4503273112775985, ""doppler"": 0.0, ""angle"": 2.073069585348533, ""elevation"": 0.0}, {""range"": 3.4653874418769743, ""doppler"": 0.0, ""angle"": 2.3895133240899, ""elevation"": 0.0}, {""range"": 0.6931947205898168, ""doppler"": 0.0, ""angle"": 19.154730668939404, ""elevation"": 0.0}]",1785092047466.2341
10,"[{""range"": 0.7465015970763996, ""doppler"": 0.0, ""angle"": -3.9144975444987637, ""elevation"": 0.0}, {""range"": 0.7561146525805504, ""doppler"": 0.0, ""angle"": -0.880778690222997, ""elevation"": 0.0}, {""range"": 1.1516528202769807, ""doppler"": 0.0, ""angle"": 0.7206076762734455, ""elevation"": 0.0}, {""range"": 1.1719899595847731, ""doppler"": 0.0, ""angle"": 2.500944487793733, ""elevation"": 0.0}, {""range"": 2.4410697319577865, ""doppler"": 0.0, ""angle"": -3.212423558707719, ""elevation"": 0.0}, {""range"": 2.4458864697447384, ""doppler"": 0.0, ""angle"": -2.2331858731610743, ""elevation"": 0.0}, {""range"": 2.8088585084374404, ""doppler"": 0.0, ""angle"": 0.3392185660888263, ""elevation"": 0.0}, {""range"": 3.4453399833490415, ""doppler"": 0.0, ""angle"": 1.6238379654414459, ""elevation"": 0.0}, {""range"": 3.461135898893524, ""doppler"": 0.0, ""angle"": 2.673934405723843, ""elevation"": 0.0}, {""range"": 0.7996927398525989, ""doppler"": 0.0, ""angle"": 5.839347481472701, ""elevation"": 0.0}]",1785092047573.012
7,"[{""range"": 2.80343578935163, ""doppler"": 0.0, ""angle"": -2.5846402108306585, ""elevation"": 0.0}, {""range"": 0.7380327169381288, ""doppler"": 0.0, ""angle"": 8.597347873381093, ""elevation"": 0.0}, {""range"": 0.7491063997518915, ""doppler"": 0.0, ""angle"": 6.896004090049174, ""elevation"": 0.0}, {""range"": 2.701429197393893, ""doppler"": 0.0, ""angle"": 5.953621457358674, ""elevation"": 0.0}, {""range"": 0.725997345675786, ""doppler"": 0.0, ""angle"": 10.961213554235083, ""elevation"": 0.0}, {""range"": 1.8840945783170504, ""doppler"": 0.0, ""angle"": 38.49165891035124, ""elevation"": 0.0}, {""range"": 1.9068942143362952, ""doppler"": 0.0, ""angle"": 41.07624750789057, ""elevation"": 0.0}]",1785092047662.0312
7,"[{""range"": 0.6641173593788704, ""doppler"": 0.0, ""angle"": 0.15426936202432973, ""elevation"": 0.0}, {""range"": 2.8022770934960683, ""doppler"": 0.0, ""angle"": -1.5137835542775537, ""elevation"": 0.0}, {""range"": 0.6997672849924624, ""doppler"": 0.0, ""angle"": 3.7507710632692004, ""elevation"": 0.0}, {""range"": 0.7377668772041248, ""doppler"": 0.0, ""angle"": 7.128461261085783, ""elevation"": 0.0}, {""range"": 0.7609559072871376, ""doppler"": 0.0, ""angle"": 3.637642901691556, ""elevation"": 0.0}, {""range"": 1.4741582553786183, ""doppler"": 0.0, ""angle"": 5.7921952401795, ""elevation"": 0.0}, {""range"": 1.4922755092289164, ""doppler"": 0.0, ""angle"": 5.128541711752143, ""elevation"": 0.0}]",1785092047761.8071
10,"[{""range"": 0.8065506919299813, ""doppler"": 0.0, ""angle"": -53.61026592350969, ""elevation"": 0.0}, {""range"": 0.6710956517475742, ""doppler"": 0.0, ""angle"": 2.305864347214446, ""elevation"": 0.0}, {""range"": 0.7068357404378867, ""doppler"": 0.0, ""angle"": 2.8566146297710064, ""elevation"": 0.0}, {""range"": 0.7268701751680267, ""doppler"": 0.0, ""angle"": 1.2404627928495902, ""elevation"": 0.0}, {""range"": 0.7454876448050963, ""doppler"": 0.0, ""angle"": -0.3298353365657183, ""elevation"": 0.0}, {""range"": 2.8097922549077508, ""doppler"": 0.0, ""angle"": -0.45578956040909746, ""elevation"": 0.0}, {""range"": 2.8181839402505493, ""doppler"": 0.0, ""angle"": 0.4217125891402007, ""elevation"": 0.0}, {""range"": 3.435768625017519, ""doppler"": 0.0, ""angle"": -0.26837631120424166, ""elevation"": 0.0}, {""range"": 3.4561113559224794, ""doppler"": 0.0, ""angle"": -1.1621230343238762, ""elevation"": 0.0}, {""range"": 1.9208301441741014, ""doppler"": 0.0, ""angle"": 32.5967806224809, ""elevation"": 0.0}]",1785092047872.8362
8,"[{""range"": 0.6534233311686113, ""doppler"": 0.0, ""angle"": -0.6115080885564161, ""elevation"": 0.0}, {""range"": 0.6982546989984348, ""doppler"": 0.0, ""angle"": -3.1562271607624512, ""elevation"": 0.0}, {""range"": 0.7402915237583677, ""doppler"": 0.0, ""angle"": 3.087708627039617, ""elevation"": 0.0}, {""range"": 1.1492411762298995, ""doppler"": 0.0, ""angle"": 0.15155219855820737, ""elevation"": 0.0}, {""range"": 3.3989402396695465, ""doppler"": 0.0, ""angle"": -1.582686862822168, ""elevation"": 0.0}, {""range"": 3.43724226536573, ""doppler"": 0.0, ""angle"": -1.4845395916061515, ""elevation"": 0.0}, {""range"": 3.4625730812399627, ""doppler"": 0.0, ""angle"": 0.8462659492116299, ""elevation"": 0.0}, {""range"": 0.7606075550658891, ""doppler"": 0.0, ""angle"": 6.533566870664411, ""elevation"": 0.0}]",1785092047961.7378
8,"[{""range"": 0.670447722870529, ""doppler"": 0.0, ""angle"": -2.4457437430222733, ""elevation"": 0.0}, {""range"": 0.6942809942924355, ""doppler"": 0.0, ""angle"": -2.8196642376312946, ""elevation"": 0.0}, {""range"": 0.7236682988220987, ""doppler"": 0.0, ""angle"": -2.2232745041270845, ""elevation"": 0.0}, {""range"": 0.7540958444751553, ""doppler"": 0.0, ""angle"": 1.372335642639287, ""elevation"": 0.0}, {""range"": 0.808363826781578, ""doppler"": 0.0, ""angle"": 3.1193693084434377, ""elevation"": 0.0}, {""range"": 2.705291992044238, ""doppler"": 0.0, ""angle"": -0.196930980385527, ""elevation"": 0.0}, {""range"": 2.8057322867537335, ""doppler"": 0.0, ""angle"": -1.0809241866606887, ""elevation"": 0.0}, {""range"": 2.8204421850876242, ""doppler"": 0.0, ""angle"": -0.15256559006426829, ""elevation"": 0.0}]",1785092048062.6812
8,"[{""range"": 0.6118585900785944, ""doppler"": 0.0, ""angle"": -17.85247944885883, ""elevation"": 0.0}, {""range"": 0.720489871172234, ""doppler"": 0.0, ""angle"": -6.669961543546321, ""elevation"": 0.0}, {""range"": 0.7666007795843159, ""doppler"": 0.0, ""angle"": -5.125460566660606, ""elevation"": 0.0}, {""range"": 0.6582654852883425, ""doppler"": 0.0, ""angle"": 0.7159654099132323, ""elevation"": 0.0}, {""range"": 0.6709603021765281, ""doppler"": 0.0, ""angle"": 0.7024183945159141, ""elevation"": 0.0}, {""range"": 1.1508710693657178, ""doppler"": 0.0, ""angle"": 1.07722959164949, ""elevation"": 0.0}, {""range"": 2.765381920010117, ""doppler"": 0.0, ""angle"": -3.577489881289684, ""elevation"": 0.0}, {""range"": 1.8753379453566001, ""doppler"": 0.0, ""angle"": 35.056916420001436, ""elevation"": 0.0}]",1785092048162.3992
8,"[{""range"": 0.6645223582354987, ""doppler"": 0.0, ""angle"": -3.0541141655948714, ""elevation"": 0.0}, {""range"": 0.6957596645943352, ""doppler"": 0.0, ""angle"": 2.238818325736255, ""elevation"": 0.0}, {""range"": 2.8081965584127655, ""doppler"": 0.0, ""angle"": -1.2222899388564201, ""elevation"": 0.0}, {""range"": 0.7284496501654171, ""doppler"": 0.0, ""angle"": 5.7903629848926945, ""elevation"": 0.0}, {""range"": 0.7500308430791783, ""doppler"": 0.0, ""angle"": 9.496007110184328, ""elevation"": 0.0}, {""range"": 1.1497096066888373, ""doppler"": 0.0, ""angle"": 3.593566187865195, ""elevation"": 0.0}, {""range"": 1.1725225092148592, ""doppler"": 0.0, ""angle"": 7.095753951286169, ""elevation"": 0.0}, {""range"": 0.803110214476067, ""doppler"": 0.0, ""angle"": 28.6878368177838, ""elevation"": 0.0}]",1785092048262.084
10,"[{""range"": 0.6649647615535444, ""doppler"": 0.0, ""angle"": -3.4533162505310924, ""elevation"": 0.0}, {""range"": 0.6941353562410938, ""doppler"": 0.0, ""angle"": 1.7862224641574993, ""elevation"": 0.0}, {""range"": 0.7243616745660433, ""doppler"": 0.0, ""angle"": 3.099020285733416, ""elevation"": 0.0}, {""range"": 0.7494433309227311, ""doppler"": 0.0, ""angle"": 0.5468292995599526, ""elevation"": 0.0}, {""range"": 1.150979889456644, ""doppler"": 0.0, ""angle"": 1.6736932758488652, ""elevation"": 0.0}, {""range"": 2.8082790381518907, ""doppler"": 0.0, ""angle"": -0.12039210068342206, ""elevation"": 0.0}, {""range"": 2.820884461938473, ""doppler"": 0.0, ""angle"": 1.3730048096500853, ""elevation"": 0.0}, {""range"": 1.1814514182228435, ""doppler"": 0.0, ""angle"": 5.001292505323843, ""elevation"": 0.0}, {""range"": 2.858334850580247, ""doppler"": 0.0, ""angle"": 6.378982664972921, ""elevation"": 0.0}, {""range"": 0.8338815232779431, ""doppler"": 0.0, ""angle"": 42.75800218953856, ""elevation"": 0.0}]",1785092048376.047
9,"[{""range"": 0.8317690217388743, ""doppler"": 0.0, ""angle"": -31.971436347271165, ""elevation"": 0.0}, {""range"": 0.78756108169148, ""doppler"": 0.0, ""angle"": -24.336292500589423, ""elevation"": 0.0}, {""range"": 0.9185692865768242, ""doppler"": 0.0, ""angle"": 0.12268884783907873, ""elevation"": 0.0}, {""range"": 1.1530225311424864, ""doppler"": 0.0, ""angle"": 2.5065353954898693, ""elevation"": 0.0}, {""range"": 2.8227435708507755, ""doppler"": 0.0, ""angle"": 0.6206648753568607, ""elevation"": 0.0}, {""range"": 0.6992626530020539, ""doppler"": 0.0, ""angle"": 6.681590362228934, ""elevation"": 0.0}, {""range"": 1.1767358636620964, ""doppler"": 0.0, ""angle"": 5.633489573654281, ""elevation"": 0.0}, {""range"": 0.7225827057314194, ""doppler"": 0.0, ""angle"": 17.260137424557634, ""elevation"": 0.0}, {""range"": 0.7505165065616932, ""doppler"": 0.0, ""angle"": 15.47661418747925, ""elevation"": 0.0}]",1785092048461.7258
8,"[{""range"": 0.8378695494090014, ""doppler"": 0.0, ""angle"": -24.87506156045494, ""elevation"": 0.0}, {""range"": 0.7636431572347404, ""doppler"": 0.0, ""angle"": -5.765327083897555, ""elevation"": 0.0}, {""range"": 0.6571104324685593, ""doppler"": 0.0, ""angle"": -1.2162219771502318, ""elevation"": 0.0}, {""range"": 0.6707619577564607, ""doppler"": 0.0, ""angle"": -0.5498759624642064, ""elevation"": 0.0}, {""range"": 0.7017053402002722, ""doppler"": 0.0, ""angle"": 1.9276361971396707, ""elevation"": 0.0}, {""range"": 1.1551019479151856, ""doppler"": 0.0, ""angle"": 3.8789744661687684, ""elevation"": 0.0}, {""range"": 1.178340357527146, ""doppler"": 0.0, ""angle"": 7.323449967327254, ""elevation"": 0.0}, {""range"": 1.8736710832058683, ""doppler"": 0.0, ""angle"": 34.30125190142866, ""elevation"": 0.0}]",1785092048562.6318
9,"[{""range"": 0.690810648466903, ""doppler"": 0.0, ""angle"": -3.7548829621912705, ""elevation"": 0.0}, {""range"": 0.6558105562016848, ""doppler"": 0.0, ""angle"": -0.9998793657485687, ""elevation"": 0.0}, {""range"": 0.6683652738430316, ""doppler"": 0.0, ""angle"": -1.7630981752568862, ""elevation"": 0.0}, {""range"": 1.1545546471407306, ""doppler"": 0.0, ""angle"": 1.6685096819938179, ""elevation"": 0.0}, {""range"": 2.809347002611129, ""doppler"": 0.0, ""angle"": 0.05470284714912651, ""elevation"": 0.0}, {""range"": 1.1772400161040657, ""doppler"": 0.0, ""angle"": 3.945485614439818, ""elevation"": 0.0}, {""range"": 0.7581900591994287, ""doppler"": 0.0, ""angle"": 13.085771393392728, ""elevation"": 0.0}, {""range"": 1.0129905177940304, ""doppler"": 0.0, ""angle"": 53.67221542753297, ""elevation"": 0.0}, {""range"": 1.0298187580729818, ""doppler"": 0.0, ""angle"": 54.06332492499852, ""elevation"": 0.0}]",1785092048661.686
13,"[{""range"": 0.8003994737598593, ""doppler"": 0.0, ""angle"": -23.87931040334627, ""elevation"": 0.0}, {""range"": 0.831270747936643, ""doppler"": 0.0, ""angle"": -25.754783897260868, ""elevation"": 0.0}, {""range"": 0.8726533309340968, ""doppler"": 0.0, ""angle"": -11.63228115186114, ""elevation"": 0.0}, {""range"": 0.649026352866865, ""doppler"": 0.0, ""angle"": 1.0576966521125777, ""elevation"": 0.0}, {""range"": 1.1552042940261038, ""doppler"": 0.0, ""angle"": 1.5522310687367151, ""elevation"": 0.0}, {""range"": 2.8088513767141983, ""doppler"": 0.0, ""angle"": -0.313686516817163, ""elevation"": 0.0}, {""range"": 2.822578910562246, ""doppler"": 0.0, ""angle"": 0.04718688408426169, ""elevation"": 0.0}, {""range"": 0.6647623916581586, ""doppler"": 0.0, ""angle"": 10.10083002353599, ""elevation"": 0.0}, {""range"": 1.17728492512812, ""doppler"": 0.0, ""angle"": 4.669690572400009, ""elevation"": 0.0}, {""range"": 2.862622640841823, ""doppler"": 0.0, ""angle"": 3.9973894682175186, ""elevation"": 0.0}, {""range"": 0.7017239311829381, ""doppler"": 0.0, ""angle"": 22.78832860965093, ""elevation"": 0.0}, {""range"": 1.8730675974820719, ""doppler"": 0.0, ""angle"": 39.80627142692894, ""elevation"": 0.0}, {""range"": 1.0524915870900335, ""doppler"": 0.0, ""angle"": 45.055065604874905, ""elevation"": 0.0}]",1785092048776.0188
10,"[{""range"": 0.8121465317456524, ""doppler"": 0.0, ""angle"": -23.567979099864935, ""elevation"": 0.0}, {""range"": 0.6656155057431877, ""doppler"": 0.0, ""angle"": -0.8312076937311252, ""elevation"": 0.0}, {""range"": 0.6856080922502263, ""doppler"": 0.0, ""angle"": -0.5828008176309033, ""elevation"": 0.0}, {""range"": 0.7108237373155708, ""doppler"": 0.0, ""angle"": 2.6385581755265015, ""elevation"": 0.0}, {""range"": 1.1501299189535235, ""doppler"": 0.0, ""angle"": 1.006648560602138, ""elevation"": 0.0}, {""range"": 1.1719510682137007, ""doppler"": 0.0, ""angle"": 3.323852418517155, ""elevation"": 0.0}, {""range"": 2.806805708583081, ""doppler"": 0.0, ""angle"": -0.5767346720060518, ""elevation"": 0.0}, {""range"": 0.7479718689855119, ""doppler"": 0.0, ""angle"": 12.551093114294938, ""elevation"": 0.0}, {""range"": 0.8067401850113076, ""doppler"": 0.0, ""angle"": 19.10964712877601, ""elevation"": 0.0}, {""range"": 1.874015570726063, ""doppler"": 0.0, ""angle"": 33.81895134963037, ""elevation"": 0.0}]",1785092048872.053
7,"[{""range"": 0.8254946779096853, ""doppler"": 0.0, ""angle"": -37.713881876249, ""elevation"": 0.0}, {""range"": 0.7188700907857771, ""doppler"": 0.0, ""angle"": 2.623270895738492, ""elevation"": 0.0}, {""range"": 0.7431611231550866, ""doppler"": 0.0, ""angle"": 0.30329532618864163, ""elevation"": 0.0}, {""range"": 0.9067940933131792, ""doppler"": 0.0, ""angle"": 2.0228261708999247, ""elevation"": 0.0}, {""range"": 0.921878251595799, ""doppler"": 0.0, ""angle"": -0.8113118048290389, ""elevation"": 0.0}, {""range"": 1.1496096222676835, ""doppler"": 0.0, ""angle"": 1.0516712340106946, ""elevation"": 0.0}, {""range"": 0.6951104841262582, ""doppler"": 0.0, ""angle"": 5.091679058116256, ""elevation"": 0.0}]",1785092048962.332
6,"[{""range"": 0.6745138682841196, ""doppler"": 0.0, ""angle"": 2.6894648385270643, ""elevation"": 0.0}, {""range"": 0.8102080083187858, ""doppler"": 0.0, ""angle"": 1.7073615803575797, ""elevation"": 0.0}, {""range"": 0.8873253541796822, ""doppler"": 0.0, ""angle"": -0.611963087421742, ""elevation"": 0.0}, {""range"": 0.7051879530590159, ""doppler"": 0.0, ""angle"": 7.269179037634319, ""elevation"": 0.0}, {""range"": 0.7297638521296932, ""doppler"": 0.0, ""angle"": 7.306116589774225, ""elevation"": 0.0}, {""range"": 0.7536391533439866, ""doppler"": 0.0, ""angle"": 4.613490536453992, ""elevation"": 0.0}]",1785092049061.805
6,"[{""range"": 0.7600338983308864, ""doppler"": 0.0, ""angle"": 3.3854584620250394, ""elevation"": 0.0}, {""range"": 0.8052487821865494, ""doppler"": 0.0, ""angle"": -0.6361694978559761, ""elevation"": 0.0}, {""range"": 0.8877231591718457, ""doppler"": 0.0, ""angle"": -0.8194445961668474, ""elevation"": 0.0}, {""range"": 0.9197328912101809, ""doppler"": 0.0, ""angle"": -1.3925636198451505, ""elevation"": 0.0}, {""range"": 0.7528655508821834, ""doppler"": 0.0, ""angle"": 9.12897684199828, ""elevation"": 0.0}, {""range"": 0.7204655068392992, ""doppler"": 0.0, ""angle"": 26.01176248008865, ""elevation"": 0.0}]",1785092049162.614
8,"[{""range"": 0.8413257178062046, ""doppler"": 0.0, ""angle"": -22.400668561270045, ""elevation"": 0.0}, {""range"": 0.6886867732844304, ""doppler"": 0.0, ""angle"": -4.6018001064486755, ""elevation"": 0.0}, {""range"": 0.9121478268185537, ""doppler"": 0.0, ""angle"": -0.35942773839828873, ""elevation"": 0.0}, {""range"": 0.9188658108842861, ""doppler"": 0.0, ""angle"": -1.4607982710967473, ""elevation"": 0.0}, {""range"": 1.150365200058847, ""doppler"": 0.0, ""angle"": 0.5610941580275121, ""elevation"": 0.0}, {""range"": 1.1688647267047438, ""doppler"": 0.0, ""angle"": 3.288739763657365, ""elevation"": 0.0}, {""range"": 0.7371013378664406, ""doppler"": 0.0, ""angle"": 14.268850379367308, ""elevation"": 0.0}, {""range"": 0.7375724740825382, ""doppler"": 0.0, ""angle"": 15.279484331830549, ""elevation"": 0.0}]",1785092049261.8591
8,"[{""range"": 0.8102357710920991, ""doppler"": 0.0, ""angle"": -38.05353678660563, ""elevation"": 0.0}, {""range"": 0.7018009554847935, ""doppler"": 0.0, ""angle"": 1.1241612879013658, ""elevation"": 0.0}, {""range"": 0.907044129513582, ""doppler"": 0.0, ""angle"": -2.4292049290035482, ""elevation"": 0.0}, {""range"": 1.1497755026541987, ""doppler"": 0.0, ""angle"": 1.0158709606367191, ""elevation"": 0.0}, {""range"": 1.16797213059346, ""doppler"": 0.0, ""angle"": 3.2912558751949126, ""elevation"": 0.0}, {""range"": 2.808545862414086, ""doppler"": 0.0, ""angle"": -0.7989151540913686, ""elevation"": 0.0}, {""range"": 0.7229571423373115, ""doppler"": 0.0, ""angle"": 4.781294698130953, ""elevation"": 0.0}, {""range"": 0.7378726179255461, ""doppler"": 0.0, ""angle"": 6.73579406373822, ""elevation"": 0.0}]",1785092049363.0771
11,"[{""range"": 0.7022344439453627, ""doppler"": 0.0, ""angle"": -6.491639660283679, ""elevation"": 0.0}, {""range"": 0.6666508907015078, ""doppler"": 0.0, ""angle"": -2.367390112665433, ""elevation"": 0.0}, {""range"": 0.7387632937755164, ""doppler"": 0.0, ""angle"": 2.66364509994789, ""elevation"": 0.0}, {""range"": 1.150065906047832, ""doppler"": 0.0, ""angle"": 1.2918320679620579, ""elevation"": 0.0}, {""range"": 2.8109598307623465, ""doppler"": 0.0, ""angle"": -0.10569820107981366, ""elevation"": 0.0}, {""range"": 3.4185128204781443, ""doppler"": 0.0, ""angle"": 1.7295317855622558, ""elevation"": 0.0}, {""range"": 3.4325868085049964, ""doppler"": 0.0, ""angle"": 1.3611567983662174, ""elevation"": 0.0}, {""range"": 3.4411161149316767, ""doppler"": 0.0, ""angle"": 1.9475384689528517, ""elevation"": 0.0}, {""range"": 0.7528871254836361, ""doppler"": 0.0, ""angle"": 6.5460691558971975, ""elevation"": 0.0}, {""range"": 0.7961867079228822, ""doppler"": 0.0, ""angle"": 9.305776751905151, ""elevation"": 0.0}, {""range"": 1.9189431671154928, ""doppler"": 0.0, ""angle"": 48.520757721794574, ""elevation"": 0.0}]",1785092049472.7878
11,"[{""range"": 0.6770250007747942, ""doppler"": 0.0, ""angle"": 1.9525090493996085, ""elevation"": 0.0}, {""range"": 0.7302482825137929, ""doppler"": 0.0, ""angle"": 3.5518299266545994, ""elevation"": 0.0}, {""range"": 0.749452354353186, ""doppler"": 0.0, ""angle"": 1.3945144329477523, ""elevation"": 0.0}, {""range"": 0.7963381348222415, ""doppler"": 0.0, ""angle"": -0.8105531786062411, ""elevation"": 0.0}, {""range"": 1.1504384653970254, ""doppler"": 0.0, ""angle"": 1.6655718492577867, ""elevation"": 0.0}, {""range"": 2.4346596190993006, ""doppler"": 0.0, ""angle"": -1.7845216147035443, ""elevation"": 0.0}, {""range"": 2.445465393420197, ""doppler"": 0.0, ""angle"": -2.08264140219413, ""elevation"": 0.0}, {""range"": 2.8042265995649247, ""doppler"": 0.0, ""angle"": -1.6333423912425316, ""elevation"": 0.0}, {""range"": 3.449746439531827, ""doppler"": 0.0, ""angle"": 2.7600726395679387, ""elevation"": 0.0}, {""range"": 3.457401009493388, ""doppler"": 0.0, ""angle"": 3.0387972697338155, ""elevation"": 0.0}, {""range"": 0.7037714157658638, ""doppler"": 0.0, ""angle"": 4.795074394245499, ""elevation"": 0.0}]",1785092049576.511
13,"[{""range"": 0.6824175346583671, ""doppler"": 0.0, ""angle"": 2.402819259489532, ""elevation"": 0.0}, {""range"": 1.1502115111298832, ""doppler"": 0.0, ""angle"": 0.6769708657256082, ""elevation"": 0.0}, {""range"": 1.1701740432749215, ""doppler"": 0.0, ""angle"": 1.760102245979902, ""elevation"": 0.0}, {""range"": 2.4224034624900943, ""doppler"": 0.0, ""angle"": -0.1734051662832892, ""elevation"": 0.0}, {""range"": 2.436760540173124, ""doppler"": 0.0, ""angle"": -0.8072847270915626, ""elevation"": 0.0}, {""range"": 2.4447277680391286, ""doppler"": 0.0, ""angle"": -1.1818800269263738, ""elevation"": 0.0}, {""range"": 2.4671525138930788, ""doppler"": 0.0, ""angle"": -1.5906790407172282, ""elevation"": 0.0}, {""range"": 2.801103438528559, ""doppler"": 0.0, ""angle"": -2.037706337879339, ""elevation"": 0.0}, {""range"": 3.4470444655500296, ""doppler"": 0.0, ""angle"": 0.3031651693864666, ""elevation"": 0.0}, {""range"": 3.4639974969234593, ""doppler"": 0.0, ""angle"": 0.16267083450581715, ""elevation"": 0.0}, {""range"": 0.7030678298947383, ""doppler"": 0.0, ""angle"": 4.054469872859433, ""elevation"": 0.0}, {""range"": 0.7200827366481508, ""doppler"": 0.0, ""angle"": 3.83016410279694, ""elevation"": 0.0}, {""range"": 0.7360332987348888, ""doppler"": 0.0, ""angle"": 3.830741350162158, ""elevation"": 0.0}]",1785092049672.802
13,"[{""range"": 1.147873554947815, ""doppler"": 0.0, ""angle"": 2.553522876266987, ""elevation"": 0.0}, {""range"": 2.4341261238146745, ""doppler"": 0.0, ""angle"": -0.8839291093313125, ""elevation"": 0.0}, {""range"": 2.4485522273480407, ""doppler"": 0.0, ""angle"": -1.4353379425835824, ""elevation"": 0.0}, {""range"": 2.4519045505645947, ""doppler"": 0.0, ""angle"": -1.3915773885960185, ""elevation"": 0.0}, {""range"": 2.467126703815938, ""doppler"": 0.0, ""angle"": -0.2865388002823397, ""elevation"": 0.0}, {""range"": 2.796098619398823, ""doppler"": 0.0, ""angle"": -1.935031283771823, ""elevation"": 0.0}, {""range"": 3.4507107381425794, ""doppler"": 0.0, ""angle"": -1.40152466596721, ""elevation"": 0.0}, {""range"": 3.46168723738446, ""doppler"": 0.0, ""angle"": -2.0307254435113333, ""elevation"": 0.0}, {""range"": 0.6838627582405058, ""doppler"": 0.0, ""angle"": 4.980123454707521, ""elevation"": 0.0}, {""range"": 0.7047080518712349, ""doppler"": 0.0, ""angle"": 4.657395424332655, ""elevation"": 0.0}, {""range"": 0.7234090038594237, ""doppler"": 0.0, ""angle"": 4.522533911432143, ""elevation"": 0.0}, {""range"": 0.7373302545636097, ""doppler"": 0.0, ""angle"": 3.8796993574565315, ""elevation"": 0.0}, {""range"": 1.1703378968422538, ""doppler"": 0.0, ""angle"": 5.9283606500376225, ""elevation"": 0.0}]",1785092049776.522
11,"[{""range"": 0.8018951705528229, ""doppler"": 0.0, ""angle"": -4.450640083023609, ""elevation"": 0.0}, {""range"": 0.7422800966153343, ""doppler"": 0.0, ""angle"": 1.8360400360401818, ""elevation"": 0.0}, {""range"": 0.751755557121376, ""doppler"": 0.0, ""angle"": 0.43611549373261543, ""elevation"": 0.0}, {""range"": 0.8825537397888165, ""doppler"": 0.0, ""angle"": -2.4734169593150335, ""elevation"": 0.0}, {""range"": 0.9138295517167274, ""doppler"": 0.0, ""angle"": -1.7941128216782776, ""elevation"": 0.0}, {""range"": 1.1449692471390307, ""doppler"": 0.0, ""angle"": -2.0585026958589374, ""elevation"": 0.0}, {""range"": 2.431518092342489, ""doppler"": 0.0, ""angle"": -1.5591999582251534, ""elevation"": 0.0}, {""range"": 2.4492372458110094, ""doppler"": 0.0, ""angle"": -2.3096695130342844, ""elevation"": 0.0}, {""range"": 2.455577599310408, ""doppler"": 0.0, ""angle"": -2.1408624005498686, ""elevation"": 0.0}, {""range"": 2.4744233983056194, ""doppler"": 0.0, ""angle"": -0.9689169080622846, ""elevation"": 0.0}, {""range"": 0.7266758269824503, ""doppler"": 0.0, ""angle"": 3.99320269234874, ""elevation"": 0.0}]",1785092049872.813
10,"[{""range"": 0.7993832685430033, ""doppler"": 0.0, ""angle"": -11.418013877694277, ""elevation"": 0.0}, {""range"": 0.7469870510802825, ""doppler"": 0.0, ""angle"": -4.929937146655552, ""elevation"": 0.0}, {""range"": 2.44413546272328, ""doppler"": 0.0, ""angle"": -3.7711345158566814, ""elevation"": 0.0}, {""range"": 0.7201071805353237, ""doppler"": 0.0, ""angle"": 1.8641238682663601, ""elevation"": 0.0}, {""range"": 0.7294507723745204, ""doppler"": 0.0, ""angle"": -0.786556040844105, ""elevation"": 0.0}, {""range"": 0.8943599110620218, ""doppler"": 0.0, ""angle"": -2.4636781166899056, ""elevation"": 0.0}, {""range"": 0.9213087552113435, ""doppler"": 0.0, ""angle"": -1.7239156805796696, ""elevation"": 0.0}, {""range"": 2.4518468124176795, ""doppler"": 0.0, ""angle"": -3.441054915859968, ""elevation"": 0.0}, {""range"": 2.7986799747221367, ""doppler"": 0.0, ""angle"": -1.9808634356594255, ""elevation"": 0.0}, {""range"": 2.8222464059220314, ""doppler"": 0.0, ""angle"": -1.4631245943379732, ""elevation"": 0.0}]",1785092049966.24
8,"[{""range"": 2.4488566673859524, ""doppler"": 0.0, ""angle"": -4.212597406717245, ""elevation"": 0.0}, {""range"": 2.4603583906678628, ""doppler"": 0.0, ""angle"": -3.988304744463032, ""elevation"": 0.0}, {""range"": 2.490334274291028, ""doppler"": 0.0, ""angle"": -3.7587954034772233, ""elevation"": 0.0}, {""range"": 0.7220228123924954, ""doppler"": 0.0, ""angle"": 3.3364637483602255, ""elevation"": 0.0}, {""range"": 0.7282423321943404, ""doppler"": 0.0, ""angle"": 3.012048079770085, ""elevation"": 0.0}, {""range"": 0.8921199400943263, ""doppler"": 0.0, ""angle"": 0.3560124887388343, ""elevation"": 0.0}, {""range"": 0.7395830790311242, ""doppler"": 0.0, ""angle"": 5.048944796455956, ""elevation"": 0.0}, {""range"": 0.7936648367300401, ""doppler"": 0.0, ""angle"": 8.564595539443667, ""elevation"": 0.0}]",1785092050062.7708
12,"[{""range"": 0.8474613211929872, ""doppler"": 0.0, ""angle"": -11.390543879220704, ""elevation"": 0.0}, {""range"": 1.1584972828507205, ""doppler"": 0.0, ""angle"": -4.000555916583468, ""elevation"": 0.0}, {""range"": 2.813012940924214, ""doppler"": 0.0, ""angle"": -5.10935581697104, ""elevation"": 0.0}, {""range"": 2.8188666564065037, ""doppler"": 0.0, ""angle"": -3.939309726027907, ""elevation"": 0.0}, {""range"": 0.9042434488208952, ""doppler"": 0.0, ""angle"": -2.9925403839892324, ""elevation"": 0.0}, {""range"": 0.9109832908870277, ""doppler"": 0.0, ""angle"": -2.9140741337299496, ""elevation"": 0.0}, {""range"": 1.1676043991283562, ""doppler"": 0.0, ""angle"": -3.4329296530735913, ""elevation"": 0.0}, {""range"": 2.6881312852089434, ""doppler"": 0.0, ""angle"": -0.22867880773744312, ""elevation"": 0.0}, {""range"": 2.853714524804361, ""doppler"": 0.0, ""angle"": 0.2297706768250861, ""elevation"": 0.0}, {""range"": 0.7220364076076481, ""doppler"": 0.0, ""angle"": 5.39997342332506, ""elevation"": 0.0}, {""range"": 0.7277644749182223, ""doppler"": 0.0, ""angle"": 7.184384764050156, ""elevation"": 0.0}, {""range"": 0.7407198611506056, ""doppler"": 0.0, ""angle"": 6.22257907693593, ""elevation"": 0.0}]",1785092050165.615
6,"[{""range"": 0.7284472360024277, ""doppler"": 0.0, ""angle"": -3.9693779939878615, ""elevation"": 0.0}, {""range"": 0.7171206822606154, ""doppler"": 0.0, ""angle"": -3.4881075709074154, ""elevation"": 0.0}, {""range"": 0.8986716031761395, ""doppler"": 0.0, ""angle"": -0.9804887630988615, ""elevation"": 0.0}, {""range"": 0.9143539985378462, ""doppler"": 0.0, ""angle"": -2.38734343393769, ""elevation"": 0.0}, {""range"": 2.799339543426924, ""doppler"": 0.0, ""angle"": -0.1317562712653766, ""elevation"": 0.0}, {""range"": 2.8190297584514035, ""doppler"": 0.0, ""angle"": 0.6941739674497439, ""elevation"": 0.0}]",1785092050265.999
