ax,ay,az,gx,gy,gz,timestamp_ms
-0.885,-0.195,-0.39,-6.35,3.3,0.37,1785104378026.6418
-0.886,-0.201,-0.386,-5.95,3.94,-0.61,1785104378027.199
-0.886,-0.205,-0.379,-4.3,4.24,-1.53,1785104378027.721
-0.886,-0.207,-0.375,-1.59,4.36,-2.5,1785104378028.226
-0.886,-0.204,-0.372,1.56,4.49,-3.39,1785104378028.723
-0.885,-0.201,-0.368,5.07,4.3,-4.03,1785104378029.206
-0.884,-0.2,-0.37,8.39,4.12,-4.67,1785104378029.69
-0.884,-0.195,-0.373,10.65,4.06,-5.04,1785104378030.106
-0.886,-0.192,-0.374,12.21,3.81,-4.97,1785104378030.498
-0.89,-0.188,-0.37,13.15,3.42,-4.82,1785104378030.908
-0.888,-0.183,-0.36,13.37,2.87,-4.61,1785104378031.309
-0.884,-0.181,-0.359,13.55,2.5,-4.33,1785104378031.7068
-0.884,-0.182,-0.361,13.34,2.14,-4.18,1785104378032.114
-0.886,-0.191,-0.361,12.45,1.8,-3.69,1785104378032.5198
-0.886,-0.204,-0.355,11.66,1.43,-3.05,1785104378032.927
-0.891,-0.212,-0.348,12.27,0.85,-2.78,1785104378033.319
-0.895,-0.218,-0.344,13.98,0.21,-2.47,1785104378033.7139
-0.895,-0.224,-0.346,15.93,-0.46,-2.29,1785104378034.161
-0.894,-0.225,-0.347,17.64,-0.95,-2.47,1785104378034.552
-0.889,-0.224,-0.348,19.29,-1.71,-3.08,1785104378034.945
-0.879,-0.219,-0.365,19.44,-2.66,-3.94,1785104378035.342
-0.877,-0.203,-0.38,17.18,-2.87,-4.94,1785104378035.721
-0.878,-0.188,-0.39,12.21,-2.23,-5.92,1785104378036.064
-0.882,-0.184,-0.394,4.88,-0.92,-7.14,1785104378036.407
-0.884,-0.185,-0.388,-2.96,0.58,-8.33,1785104378036.752
-0.89,-0.198,-0.375,-9.13,1.95,-9.46,1785104378037.081
-0.898,-0.22,-0.353,-12.3,2.59,-10.22,1785104378037.4248
-0.898,-0.233,-0.337,-11.11,2.17,-10.22,1785104378037.7769
-0.896,-0.231,-0.335,-6.59,1.01,-9.95,1785104378038.115
-0.892,-0.216,-0.342,-2.17,-0.21,-9.89,1785104378038.4463
-0.889,-0.2,-0.352,-0.18,-0.79,-9.67,1785104378038.773
-0.886,-0.192,-0.36,-0.34,-0.67,-9.22,1785104378039.0989
-0.882,-0.196,-0.365,-1.28,-0.24,-8.82,1785104378039.42
-0.881,-0.201,-0.364,-2.04,0.21,-8.45,1785104378039.745
-0.878,-0.199,-0.359,-1.89,0.15,-8.06,1785104378040.068
-0.878,-0.199,-0.359,-1.25,-0.12,-7.69,1785104378040.384
-0.878,-0.197,-0.359,-1.16,-0.37,-7.39,1785104378040.709
-0.876,-0.191,-0.36,-1.68,-0.37,-6.93,1785104378041.0317
-0.876,-0.188,-0.365,-2.44,-0.27,-6.29,1785104378041.3608
-0.876,-0.187,-0.365,-2.59,-0.21,-5.52,1785104378041.7112
-0.875,-0.188,-0.365,-2.59,-0.21,-5.52,1785104378042.054
-0.875,-0.19,-0.367,-2.32,-0.49,-4.76,1785104378042.379
-0.88,-0.189,-0.365,-2.01,-0.58,-4.24,1785104378042.7
-0.88,-0.185,-0.362,-1.92,-0.73,-3.57,1785104378043.0479
-0.879,-0.186,-0.366,-1.59,-0.92,-2.81,1785104378043.4739
-0.882,-0.191,-0.366,-0.92,-0.98,-2.2,1785104378043.802
-0.886,-0.194,-0.369,0.12,-1.43,-1.68,1785104378044.081
-0.889,-0.192,-0.376,0.82,-1.89,-0.95,1785104378044.3708
-0.887,-0.187,-0.379,0.64,-2.04,-0.21,1785104378044.658
-0.884,-0.181,-0.382,-0.18,-1.95,0.67,1785104378044.938
-0.884,-0.183,-0.384,-1.62,-1.74,1.53,1785104378045.227
-0.883,-0.192,-0.383,-2.99,-1.56,2.32,1785104378045.5151
-0.883,-0.203,-0.381,-3.39,-1.22,2.9,1785104378045.803
-0.886,-0.208,-0.38,-2.99,-0.98,3.45,1785104378046.082
-0.881,-0.209,-0.379,-2.44,-0.98,4.15,1785104378046.3748
-0.877,-0.208,-0.385,-1.98,-0.79,4.76,1785104378046.666
-0.875,-0.207,-0.386,-1.86,-0.46,5.22,1785104378046.951
-0.876,-0.209,-0.383,-1.71,-0.21,5.43,1785104378047.2378
-0.876,-0.212,-0.381,-1.56,0.09,5.43,1785104378047.519
-0.879,-0.211,-0.381,-1.5,0.46,5.25,1785104378047.8022
-0.882,-0.216,-0.381,-1.34,0.76,4.91,1785104378048.0903
-0.885,-0.216,-0.38,-1.34,0.85,4.61,1785104378048.3809
-0.886,-0.214,-0.377,-1.04,0.89,4.52,1785104378048.674
-0.885,-0.213,-0.378,-0.7,0.92,4.43,1785104378048.9531
-0.887,-0.217,-0.373,-0.64,1.19,4.24,1785104378049.2402
-0.886,-0.218,-0.368,-0.34,1.34,4.09,1785104378049.529
-0.888,-0.221,-0.368,0.43,1.13,3.78,1785104378049.812
-0.888,-0.218,-0.364,1.01,0.98,3.48,1785104378050.106
-0.888,-0.214,-0.367,1.43,1.04,3.27,1785104378050.3909
-0.887,-0.21,-0.368,1.25,1.13,2.9,1785104378050.666
-0.887,-0.214,-0.367,0.61,1.19,2.5,1785104378050.952
-0.89,-0.217,-0.363,0.15,1.16,2.2,1785104378051.2349
-0.89,-0.216,-0.363,0.0,0.92,2.11,1785104378051.511
-0.888,-0.211,-0.366,0.03,0.79,2.01,1785104378051.759
-0.887,-0.209,-0.367,0.06,0.79,1.92,1785104378052.0151
-0.886,-0.208,-0.363,-0.21,0.67,1.83,1785104378052.2712
-0.886,-0.209,-0.358,-0.4,0.52,1.59,1785104378052.5188
-0.886,-0.21,-0.363,-0.64,0.24,1.37,1785104378052.85
-0.882,-0.21,-0.368,-0.98,0.18,1.01,1785104378053.115
-0.882,-0.209,-0.37,-1.19,0.27,0.73,1785104378053.364
-0.879,-0.209,-0.373,-1.31,0.4,0.43,1785104378053.617
-0.879,-0.211,-0.371,-1.22,0.24,0.21,1785104378053.871
-0.882,-0.211,-0.37,-1.37,0.06,-0.12,1785104378054.158
-0.881,-0.202,-0.369,-1.68,0.0,-0.18,1785104378054.4263
-0.88,-0.195,-0.374,-1.74,0.03,-0.15,1785104378054.7168
-0.883,-0.194,-0.377,-2.11,0.12,-0.27,1785104378054.972
-0.885,-0.198,-0.374,-2.84,0.24,-0.18,1785104378055.219
-0.886,-0.199,-0.374,-3.02,0.43,-0.03,1785104378055.4812
-0.886,-0.197,-0.377,-2.87,0.37,0.0,1785104378055.7617
-0.887,-0.192,-0.375,-2.81,0.15,0.21,1785104378056.011
-0.886,-0.194,-0.378,-2.9,0.15,0.34,1785104378056.268
-0.884,-0.195,-0.378,-3.23,0.24,0.46,1785104378056.5261
-0.885,-0.194,-0.379,-3.57,0.34,0.76,1785104378056.785
-0.882,-0.194,-0.382,-3.6,0.43,0.67,1785104378057.034
-0.882,-0.194,-0.383,-3.3,0.27,0.43,1785104378057.293
-0.881,-0.196,-0.378,-2.87,0.34,0.4,1785104378057.5308
-0.882,-0.192,-0.376,-2.72,0.21,0.4,1785104378057.761
-0.879,-0.19,-0.381,-2.53,0.18,0.61,1785104378057.9998
-0.881,-0.187,-0.383,-2.75,0.27,0.67,1785104378058.239
-0.882,-0.187,-0.383,-3.08,0.55,0.85,1785104378058.469
-0.883,-0.191,-0.381,-3.11,0.58,0.98,1785104378058.735
-0.882,-0.194,-0.378,-2.87,0.58,0.95,1785104378058.975
-0.881,-0.191,-0.376,-2.04,0.49,1.07,1785104378059.2131
-0.879,-0.188,-0.376,-1.25,0.34,1.31,1785104378059.442
-0.878,-0.19,-0.375,-0.67,0.31,1.43,1785104378059.679
-0.881,-0.188,-0.377,-0.34,0.31,1.62,1785104378059.92
-0.882,-0.188,-0.379,-0.27,0.24,1.71,1785104378060.155
-0.881,-0.188,-0.375,-0.43,0.31,1.77,1785104378060.3928
-0.883,-0.185,-0.377,-0.31,0.18,2.01,1785104378060.632
-0.882,-0.185,-0.381,-0.4,0.06,2.29,1785104378060.865
-0.881,-0.187,-0.381,-0.73,0.09,2.41,1785104378061.099
-0.882,-0.186,-0.38,-0.95,0.21,2.41,1785104378061.344
-0.881,-0.186,-0.378,-1.13,0.27,2.62,1785104378061.5999
-0.881,-0.188,-0.376,-0.55,0.18,2.56,1785104378061.8271
-0.887,-0.192,-0.376,0.34,0.09,2.32,1785104378062.0632
-0.891,-0.189,-0.373,0.95,-0.15,2.26,1785104378062.303
-0.889,-0.187,-0.378,1.8,-0.34,2.35,1785104378062.535
-0.89,-0.181,-0.382,2.41,-0.55,2.38,1785104378062.793
-0.891,-0.178,-0.382,2.69,-0.79,2.32,1785104378063.0332
-0.888,-0.179,-0.381,2.14,-1.04,2.44,1785104378063.289
-0.886,-0.177,-0.38,0.92,-1.01,2.62,1785104378063.57
-0.882,-0.178,-0.381,0.18,-0.98,3.05,1785104378063.831
-0.882,-0.181,-0.386,0.03,-1.01,3.36,1785104378064.064
-0.883,-0.181,-0.383,-0.37,-1.04,3.51,1785104378064.3088
-0.879,-0.18,-0.384,-0.61,-1.1,3.85,1785104378064.599
-0.879,-0.182,-0.388,-0.82,-1.13,4.12,1785104378064.838
-0.879,-0.184,-0.387,-1.28,-1.04,4.18,1785104378065.065
-0.881,-0.188,-0.385,-1.89,-0.98,4.18,1785104378065.301
-0.884,-0.192,-0.385,-1.95,-0.98,3.91,1785104378065.528
-0.883,-0.19,-0.387,-1.95,-1.01,3.72,1785104378065.747
-0.882,-0.19,-0.387,-2.01,-1.04,3.88,1785104378065.971
-0.881,-0.19,-0.388,-1.95,-1.01,3.75,1785104378066.199
-0.882,-0.188,-0.386,-1.8,-1.01,3.51,1785104378066.418
-0.885,-0.192,-0.384,-1.8,-0.76,3.36,1785104378066.636
-0.885,-0.194,-0.384,-1.53,-0.52,3.2,1785104378066.864
-0.885,-0.195,-0.384,-1.07,-0.46,2.96,1785104378067.0972
-0.884,-0.196,-0.387,-0.52,-0.58,2.72,1785104378067.31
-0.883,-0.194,-0.387,-0.18,-0.52,2.5,1785104378067.534
-0.879,-0.188,-0.388,-0.12,-0.49,2.47,1785104378067.759
-0.881,-0.187,-0.389,-0.18,-0.49,2.08,1785104378067.969
-0.881,-0.188,-0.387,-0.82,-0.37,1.62,1785104378068.189
-0.883,-0.19,-0.383,-1.01,-0.12,1.4,1785104378068.432
-0.884,-0.189,-0.381,-1.1,0.0,1.25,1785104378068.6492
-0.886,-0.187,-0.384,-1.16,-0.03,1.13,1785104378068.8699
-0.886,-0.185,-0.383,-1.22,-0.03,0.92,1785104378069.0933
-0.886,-0.184,-0.382,-1.37,-0.03,0.67,1785104378069.313
-0.884,-0.188,-0.38,-1.77,0.06,0.61,1785104378069.529
-0.88,-0.188,-0.376,-2.29,0.03,0.46,1785104378069.748
-0.878,-0.186,-0.379,-2.38,0.03,0.06,1785104378069.966
-0.88,-0.184,-0.377,-2.26,0.09,-0.27,1785104378070.1802
-0.88,-0.185,-0.375,-2.11,-0.03,-0.37,1785104378070.399
-0.882,-0.183,-0.373,-2.04,-0.09,-0.61,1785104378070.6172
-0.882,-0.181,-0.375,-1.92,0.03,-0.76,1785104378070.83
-0.881,-0.177,-0.374,-1.92,-0.06,-0.73,1785104378071.05
-0.882,-0.178,-0.374,-1.95,-0.18,-0.85,1785104378071.27
-0.886,-0.18,-0.375,-1.86,-0.09,-1.1,1785104378071.476
-0.886,-0.183,-0.374,-1.62,-0.06,-1.13,1785104378071.6858
-0.887,-0.181,-0.373,-1.13,-0.03,-1.01,1785104378071.897
-0.885,-0.178,-0.377,-0.4,0.0,-1.04,1785104378072.1199
-0.885,-0.179,-0.376,0.06,0.06,-1.04,1785104378072.324
-0.884,-0.176,-0.374,0.34,-0.09,-0.95,1785104378072.5388
-0.882,-0.17,-0.376,0.46,-0.43,-0.95,1785104378072.755
-0.882,-0.169,-0.38,0.31,-0.43,-1.07,1785104378072.959
-0.884,-0.171,-0.382,-0.12,-0.31,-1.16,1785104378073.17
-0.884,-0.171,-0.382,-0.58,-0.21,-1.43,1785104378073.3992
-0.888,-0.172,-0.38,-0.7,-0.27,-1.53,1785104378073.601
-0.887,-0.17,-0.378,-0.79,-0.37,-1.34,1785104378073.814
-0.886,-0.169,-0.378,-0.98,-0.21,-1.1,1785104378074.024
-0.886,-0.166,-0.381,-0.98,-0.21,-1.1,1785104378074.2368
-0.887,-0.167,-0.382,-1.31,-0.24,-0.89,1785104378074.4373
-0.888,-0.171,-0.383,-1.46,-0.12,-0.76,1785104378074.6482
-0.886,-0.173,-0.386,-1.19,-0.03,-0.79,1785104378074.851
-0.885,-0.173,-0.385,-0.7,0.03,-0.55,1785104378075.0498
-0.88,-0.17,-0.384,0.03,0.12,-0.09,1785104378075.4548
-0.883,-0.169,-0.384,0.15,0.27,0.27,1785104378075.657
-0.857,-0.121,-0.486,41.23,12.94,13.82,1785104378076.095
-0.85,-0.112,-0.505,44.65,13.28,16.79,1785104378076.3
-0.844,-0.098,-0.513,46.45,14.34,19.81,1785104378077.9421
-0.843,-0.097,-0.513,45.99,16.08,22.71,1785104378083.615
-0.84,-0.102,-0.511,44.62,17.98,25.27,1785104378094.379
-0.843,-0.108,-0.505,44.5,19.56,27.56,1785104378107.682
-0.844,-0.107,-0.492,45.14,20.94,29.36,1785104378113.2842
-0.853,-0.112,-0.49,46.66,21.82,31.31,1785104378124.1118
-0.86,-0.107,-0.486,48.16,22.03,33.42,1785104378134.7131
-0.855,-0.097,-0.479,48.95,22.16,35.74,1785104378147.9768
-0.859,-0.082,-0.463,48.65,21.97,37.9,1785104378153.754
-0.859,-0.064,-0.448,47.33,21.24,40.65,1785104378164.4558
-0.857,-0.055,-0.447,45.5,20.51,43.21,1785104378177.6797
-0.856,-0.042,-0.459,42.57,20.66,45.69,1785104378183.5
-0.853,-0.008,-0.489,35.95,21.3,48.04,1785104378194.1982
-0.845,0.025,-0.497,24.2,22.28,50.2,1785104378207.483
-0.866,0.014,-0.496,10.9,23.83,53.07,1785104378213.207
-0.889,-0.029,-0.514,1.83,24.81,56.92,1785104378223.7817
-0.883,-0.075,-0.528,-1.37,24.69,61.49,1785104378234.411
-0.891,-0.122,-0.506,-0.09,25.7,65.71,1785104378247.751
-0.895,-0.13,-0.481,6.5,26.28,66.68,1785104378253.757
-0.885,-0.119,-0.499,17.49,25.42,64.12,1785104378264.236
-0.88,-0.098,-0.529,28.11,24.38,61.01,1785104378274.7432
-0.884,-0.088,-0.544,36.32,24.84,58.2,1785104378288.1348
-0.885,-0.095,-0.568,41.38,26.73,55.45,1785104378293.933
-0.879,-0.108,-0.61,45.23,29.27,52.8,1785104378304.476
-0.875,-0.12,-0.657,49.9,32.5,49.44,1785104378317.7048
-0.875,-0.117,-0.708,57.16,35.98,46.08,1785104378323.669
-0.876,-0.107,-0.729,65.43,38.54,43.58,1785104378334.14
-0.887,-0.102,-0.715,73.31,40.31,41.41,1785104378344.8232
-0.878,-0.09,-0.753,83.25,41.87,39.83,1785104378358.083
-0.872,-0.074,-0.794,91.28,44.83,38.0,1785104378364.241
-0.877,-0.081,-0.815,94.45,48.34,36.41,1785104378374.47
-0.867,-0.106,-0.827,96.22,51.33,35.71,1785104378387.7383
-0.845,-0.114,-0.846,99.55,54.78,35.8,1785104378393.455
-0.833,-0.068,-0.935,105.08,58.81,36.71,1785104378404.356
-0.8,-0.065,-0.983,108.19,64.55,37.08,1785104378417.583
-0.792,-0.087,-0.977,97.35,67.78,32.84,1785104378423.5
-0.782,-0.154,-0.964,91.37,72.7,31.62,1785104378434.0999
-0.773,-0.149,-0.984,91.16,75.69,30.52,1785104378444.742
-0.751,-0.134,-0.966,90.46,78.34,29.66,1785104378457.984
-0.754,-0.154,-0.961,90.73,81.03,28.32,1785104378464.001
-0.775,-0.158,-0.961,90.79,83.35,28.29,1785104378474.427
-0.794,-0.156,-0.954,92.68,85.36,28.9,1785104378487.798
-0.794,-0.156,-0.949,94.03,87.37,29.76,1785104378493.6067
-0.789,-0.155,-0.932,92.56,89.51,32.2,1785104378504.199
-0.795,-0.149,-0.906,88.87,91.31,35.25,1785104378514.8152
-0.789,-0.153,-0.879,84.72,92.65,38.48,1785104378528.0251
-0.776,-0.189,-0.854,80.84,93.75,39.46,1785104378534.013
-0.786,-0.23,-0.828,77.09,95.37,38.79,1785104378544.482
-0.802,-0.277,-0.83,74.86,96.5,38.27,1785104378557.709
-0.826,-0.301,-0.845,73.09,96.56,37.08,1785104378563.613
-0.83,-0.308,-0.854,71.5,96.53,35.52,1785104378574.1792
-0.827,-0.309,-0.852,70.62,96.74,32.35,1785104378584.834
-0.838,-0.311,-0.847,69.43,97.23,28.02,1785104378598.077
-0.845,-0.308,-0.825,66.77,98.21,23.13,1785104378604.2603
-0.838,-0.304,-0.79,64.0,98.91,18.4,1785104378614.5
-0.831,-0.291,-0.748,61.49,98.94,13.21,1785104378627.826
-0.822,-0.27,-0.716,60.34,98.27,7.97,1785104378633.665
-0.811,-0.284,-0.726,59.08,97.08,3.17,1785104378644.166
-0.797,-0.311,-0.743,55.45,97.35,-2.14,1785104378654.588
-0.781,-0.347,-0.743,52.92,98.76,-7.42,1785104378667.851
-0.764,-0.366,-0.733,55.27,99.46,-12.36,1785104378673.8171
-0.737,-0.349,-0.724,61.98,98.57,-15.59,1785104378684.258
-0.703,-0.343,-0.741,70.83,96.8,-17.43,1785104378694.846
-0.683,-0.338,-0.746,77.46,95.16,-19.62,1785104378708.118
-0.665,-0.33,-0.732,81.82,93.14,-20.97,1785104378714.045
-0.649,-0.335,-0.75,84.35,91.16,-22.68,1785104378724.572
-0.64,-0.355,-0.783,83.71,90.73,-25.94,1785104378737.822
-0.628,-0.365,-0.788,80.63,90.4,-29.27,1785104378743.9912
-0.6,-0.358,-0.786,78.37,89.63,-32.01,1785104378754.3108
-0.58,-0.35,-0.783,75.47,88.75,-34.12,1785104378764.92
-0.563,-0.353,-0.792,70.22,87.19,-35.46,1785104378778.14
-0.55,-0.339,-0.797,64.27,86.03,-36.96,1785104378784.266
-0.542,-0.333,-0.798,58.11,85.45,-37.35,1785104378794.656
-0.527,-0.347,-0.781,50.54,84.66,-37.69,1785104378807.919
-0.503,-0.364,-0.757,44.22,83.5,-37.57,1785104378813.7751
-0.492,-0.367,-0.729,40.41,82.06,-37.42,1785104378824.341
-0.471,-0.355,-0.712,38.91,80.14,-37.08,1785104378834.954
-0.441,-0.36,-0.723,39.4,78.65,-36.65,1785104378848.259
-0.426,-0.383,-0.724,39.92,77.76,-36.32,1785104378854.2021
-0.403,-0.402,-0.715,41.35,76.51,-35.49,1785104378864.682
-0.389,-0.407,-0.71,43.95,75.44,-34.73,1785104378877.886
-0.378,-0.406,-0.684,46.72,74.07,-33.2,1785104378884.0352
-0.366,-0.403,-0.663,51.12,71.69,-31.25,1785104378894.24
-0.346,-0.408,-0.659,57.01,69.09,-30.34,1785104378907.532
-0.329,-0.428,-0.658,62.35,66.38,-29.48,1785104378913.6108
-0.312,-0.425,-0.662,65.98,63.14,-27.04,1785104378924.216
-0.295,-0.412,-0.659,68.61,60.18,-25.12,1785104378934.831
-0.275,-0.403,-0.65,69.77,58.02,-24.2,1785104378948.032
-0.252,-0.404,-0.634,68.3,56.49,-23.83,1785104378954.043
-0.247,-0.406,-0.634,65.52,54.9,-23.53,1785104378964.459
-0.242,-0.413,-0.613,61.77,53.32,-19.9,1785104378977.688
-0.208,-0.457,-0.595,61.83,50.14,-14.68,1785104378983.592
-0.225,-0.487,-0.526,61.34,46.75,-13.43,1785104378994.178
-0.209,-0.554,-0.443,65.03,40.89,-13.03,1785104379005.002
-0.195,-0.585,-0.427,73.61,35.07,-13.0,1785104379018.078
-0.2,-0.57,-0.408,81.88,29.42,-11.2,1785104379024.2031
-0.217,-0.51,-0.413,81.45,20.91,-8.73,1785104379035.442
-0.21,-0.452,-0.393,66.65,13.7,-7.29,1785104379044.853
-0.186,-0.405,-0.401,38.27,9.13,-7.57,1785104379066.038
-0.157,-0.38,-0.405,2.01,9.03,-7.26,1785104379066.8218
-0.134,-0.428,-0.368,-32.72,12.05,-5.71,1785104379073.922
-0.134,-0.428,-0.368,-55.12,12.15,-3.91,1785104379084.705
-0.113,-0.56,-0.364,-65.98,10.44,-4.21,1785104379097.981
-0.095,-0.665,-0.39,-68.88,8.15,-5.68,1785104379104.1018
-0.11,-0.733,-0.374,-64.85,4.09,-8.42,1785104379113.887
-0.137,-0.796,-0.351,-54.78,-1.53,-13.49,1785104379124.538
-0.162,-0.83,-0.351,-54.78,-1.53,-13.49,1785104379137.872
-0.172,-0.805,-0.356,-44.83,-6.96,-18.83,1785104379143.919
-0.171,-0.775,-0.36,-38.36,-10.44,-22.77,1785104379154.0898
-0.174,-0.789,-0.368,-33.85,-12.73,-26.7,1785104379164.716
-0.171,-0.817,-0.402,-30.09,-15.29,-30.64,1785104379177.961
-0.187,-0.83,-0.436,-25.39,-17.49,-34.79,1785104379184.057
-0.194,-0.819,-0.456,-18.31,-21.0,-38.58,1785104379194.4211
-0.186,-0.778,-0.494,-11.26,-24.87,-41.63,1785104379207.67
-0.176,-0.764,-0.533,-6.1,-28.17,-43.55,1785104379213.54
-0.184,-0.752,-0.575,-5.95,-30.58,-45.87,1785104379224.092
-0.193,-0.741,-0.633,-10.32,-31.16,-48.68,1785104379234.611
-0.201,-0.73,-0.642,-17.3,-30.88,-52.52,1785104379247.867
-0.202,-0.757,-0.662,-21.21,-32.01,-55.33,1785104379253.9111
-0.221,-0.785,-0.66,-21.58,-33.27,-58.72,1785104379264.294
-0.238,-0.812,-0.621,-17.98,-36.01,-62.17,1785104379274.9597
-0.253,-0.828,-0.605,-8.76,-40.16,-65.43,1785104379288.26
-0.276,-0.83,-0.615,5.77,-44.62,-68.76,1785104379294.0989
-0.308,-0.799,-0.624,22.4,-49.23,-71.26,1785104379304.509
-0.336,-0.784,-0.626,40.41,-53.59,-72.15,1785104379317.7778
-0.371,-0.788,-0.595,57.04,-57.71,-72.24,1785104379323.9072
-0.4,-0.812,-0.573,72.24,-62.93,-71.9,1785104379334.218
-0.391,-0.841,-0.548,86.4,-68.27,-72.3,1785104379344.79
-0.372,-0.81,-0.565,98.51,-74.13,-72.97,1785104379358.06
-0.342,-0.733,-0.684,106.23,-80.78,-71.99,1785104379364.1912
-0.291,-0.685,-0.787,103.98,-84.05,-70.89,1785104379374.7258
-0.257,-0.663,-0.829,89.72,-83.8,-70.53,1785104379388.0051
-0.249,-0.668,-0.826,68.51,-82.03,-70.53,1785104379393.883
-0.24,-0.683,-0.78,46.24,-79.2,-71.9,1785104379404.449
-0.251,-0.69,-0.762,26.58,-77.18,-73.12,1785104379417.675
-0.267,-0.689,-0.723,9.8,-76.63,-74.43,1785104379423.6082
-0.278,-0.695,-0.677,-1.5,-76.91,-75.72,1785104379433.9468
-0.278,-0.725,-0.654,-6.87,-77.46,-76.91,1785104379444.4822
-0.274,-0.739,-0.647,-8.36,-78.28,-79.13,1785104379457.721
-0.253,-0.73,-0.667,-8.79,-80.2,-80.2,1785104379463.71
-0.224,-0.717,-0.678,-8.88,-80.78,-80.42,1785104379473.9539
-0.21,-0.72,-0.676,-8.7,-79.84,-81.33,1785104379484.506
-0.228,-0.72,-0.643,-8.24,-78.04,-82.74,1785104379497.7432
-0.268,-0.689,-0.588,-6.74,-77.91,-82.89,1785104379503.9092
-0.285,-0.664,-0.564,-1.83,-79.81,-81.45,1785104379513.898
-0.29,-0.648,-0.565,5.74,-82.52,-79.5,1785104379524.4941
-0.272,-0.641,-0.616,13.55,-85.73,-76.17,1785104379537.76
-0.218,-0.647,-0.689,19.99,-88.38,-71.14,1785104379543.8772
-0.17,-0.66,-0.753,22.0,-89.39,-66.04,1785104379554.2332
-0.162,-0.663,-0.814,15.47,-88.53,-63.81,1785104379564.965
-0.185,-0.649,-0.833,2.44,-86.21,-64.46,1785104379578.061
-0.222,-0.654,-0.84,-10.8,-82.95,-66.07,1785104379584.2402
-0.236,-0.686,-0.807,-23.5,-79.04,-68.15,1785104379594.471
-0.24,-0.724,-0.742,-34.21,-76.27,-69.7,1785104379607.71
-0.259,-0.751,-0.706,-37.81,-75.32,-71.11,1785104379613.622
-0.293,-0.754,-0.716,-36.44,-75.17,-73.18,1785104379624.168
-0.317,-0.772,-0.721,-35.8,-73.89,-75.75,1785104379634.797
-0.349,-0.796,-0.682,-35.55,-72.39,-78.46,1785104379648.0168
-0.362,-0.781,-0.672,-33.02,-73.06,-80.17,1785104379653.9897
-0.36,-0.751,-0.675,-29.24,-73.98,-81.39,1785104379664.506
-0.354,-0.719,-0.666,-26.8,-75.01,-83.59,1785104379677.752
-0.328,-0.698,-0.701,-23.9,-76.3,-84.81,1785104379683.91
-0.319,-0.69,-0.735,-23.19,-76.3,-84.63,1785104379694.22
-0.32,-0.705,-0.73,-23.96,-75.5,-83.01,1785104379704.8508
-0.324,-0.72,-0.713,-22.58,-74.95,-81.48,1785104379718.101
-0.332,-0.736,-0.706,-19.87,-75.01,-80.69,1785104379724.1091
-0.341,-0.726,-0.688,-17.52,-75.05,-81.85,1785104379734.609
-0.329,-0.687,-0.699,-15.05,-76.27,-83.86,1785104379747.8242
-0.316,-0.657,-0.709,-15.56,-76.94,-85.51,1785104379753.7488
-0.275,-0.616,-0.722,-21.39,-76.69,-87.16,1785104379764.267
-0.262,-0.616,-0.754,-26.4,-75.14,-87.1,1785104379774.938
-0.311,-0.673,-0.715,-31.92,-71.72,-87.74,1785104379788.141
-0.31,-0.703,-0.661,-34.67,-70.47,-88.2,1785104379794.067
-0.307,-0.717,-0.649,-27.95,-71.47,-87.13,1785104379804.5881
-0.324,-0.695,-0.654,-21.15,-73.27,-87.25,1785104379817.824
-0.322,-0.656,-0.659,-18.01,-74.89,-88.08,1785104379823.942
-0.297,-0.63,-0.678,-16.39,-76.02,-89.39,1785104379834.315
-0.26,-0.602,-0.718,-17.43,-76.85,-90.82,1785104379845.012
-0.25,-0.587,-0.74,-20.05,-76.42,-90.95,1785104379858.196
-0.259,-0.605,-0.728,-22.03,-75.26,-90.06,1785104379864.3499
-0.255,-0.612,-0.726,-23.68,-75.01,-88.35,1785104379874.645
-0.262,-0.617,-0.711,-24.08,-74.53,-86.37,1785104379887.758
-0.276,-0.623,-0.678,-23.93,-73.92,-86.0,1785104379893.5151
-0.263,-0.616,-0.674,-22.77,-74.68,-86.37,1785104379904.22
-0.25,-0.589,-0.696,-19.81,-75.38,-86.86,1785104379915.065
-0.237,-0.56,-0.723,-17.67,-76.45,-86.46,1785104379928.294
-0.226,-0.58,-0.746,-19.41,-76.91,-86.09,1785104379934.2358
-0.202,-0.582,-0.768,-24.69,-76.69,-86.83,1785104379944.753
-0.18,-0.548,-0.789,-31.1,-75.84,-87.07,1785104379957.96
-0.181,-0.57,-0.807,-37.23,-73.89,-87.19,1785104379963.9731
-0.195,-0.612,-0.782,-43.82,-71.66,-88.02,1785104379974.408
-0.19,-0.635,-0.752,-47.18,-70.8,-87.98,1785104379987.5898
-0.161,-0.589,-0.789,-48.55,-70.86,-88.72,1785104379993.439
-0.14,-0.526,-0.836,-54.35,-69.52,-90.95,1785104380004.205
-0.117,-0.48,-0.846,-64.21,-66.44,-94.12,1785104380014.7952
-0.089,-0.438,-0.867,-75.35,-62.65,-96.26,1785104380028.032
-0.094,-0.433,-0.929,-90.3,-57.74,-98.51,1785104380033.96
-0.096,-0.441,-0.968,-110.14,-50.05,-102.51,1785104380044.688
-0.09,-0.491,-1.015,-127.41,-40.25,-108.28,1785104380057.944
-0.122,-0.574,-1.014,-136.97,-29.45,-116.76,1785104380063.9858
-0.165,-0.594,-0.909,-132.66,-22.43,-123.2,1785104380074.914
-0.194,-0.518,-0.792,-113.96,-24.75,-122.23,1785104380088.1973
-0.204,-0.416,-0.811,-88.08,-31.19,-116.43,1785104380094.068
-0.213,-0.333,-0.869,-69.73,-35.92,-108.8,1785104380105.044
-0.206,-0.322,-0.916,-66.9,-38.94,-102.48,1785104380118.1782
-0.184,-0.346,-0.923,-68.36,-39.06,-99.0,1785104380124.279
-0.177,-0.368,-0.934,-68.76,-38.7,-96.62,1785104380134.697
-0.163,-0.39,-0.918,-69.49,-37.48,-94.58,1785104380148.057
-0.159,-0.431,-0.905,-66.71,-35.74,-95.25,1785104380153.946
-0.181,-0.486,-0.855,-60.85,-33.78,-96.99,1785104380164.427
-0.203,-0.526,-0.814,-53.1,-33.51,-98.45,1785104380177.666
-0.189,-0.515,-0.819,-44.98,-33.91,-100.53,1785104380183.779
-0.195,-0.518,-0.836,-36.53,-33.42,-101.72,1785104380194.324
-0.253,-0.58,-0.821,-32.84,-32.11,-102.57,1785104380207.576
-0.345,-0.711,-0.763,-31.22,-31.19,-103.89,1785104380213.5562
-0.445,-0.888,-0.697,-28.53,-30.85,-107.91,1785104380224.291
-0.546,-1.053,-0.602,-25.18,-30.85,-115.6,1785104380234.9802
-0.604,-1.144,-0.553,-24.38,-33.11,-129.15,1785104380248.2358
-0.55,-1.012,-0.585,-23.19,-37.42,-146.79,1785104380254.2578
-0.411,-0.752,-0.654,-13.4,-40.53,-159.28,1785104380264.993
-0.263,-0.626,-0.755,-0.15,-40.89,-167.85,1785104380278.199
-0.228,-0.669,-0.796,9.37,-38.58,-175.79,1785104380284.462
-0.246,-0.717,-0.709,15.56,-39.37,-179.57,1785104380294.823
-0.233,-0.642,-0.782,26.95,-47.33,-181.77,1785104380308.012
-0.221,-0.442,-0.947,35.98,-53.77,-181.95,1785104380313.941
-0.172,-0.178,-1.057,32.62,-54.69,-178.66,1785104380324.811
-0.092,0.008,-1.092,22.03,-54.35,-170.35,1785104380338.0151
-0.059,0.024,-1.111,9.34,-53.8,-162.45,1785104380344.04
-0.08,0.002,-1.111,-4.76,-52.13,-159.15,1785104380354.503
-0.1,-0.014,-1.1,-14.65,-50.78,-156.04,1785104380367.897
-0.1,-0.014,-1.1,-17.98,-50.97,-151.98,1785104380373.8308
-0.092,-0.014,-1.099,-17.61,-50.81,-148.87,1785104380384.5579
-0.081,0.008,-1.14,-18.31,-48.65,-146.28,1785104380397.739
-0.081,0.055,-1.174,-22.1,-45.59,-142.83,1785104380403.944
-0.097,0.099,-1.138,-22.1,-45.59,-142.83,1785104380414.46
-0.098,0.157,-1.085,-26.49,-43.61,-138.8,1785104380427.7383
-0.06,0.222,-1.069,-29.39,-42.48,-132.39,1785104380433.633
-0.002,0.268,-1.106,-29.97,-40.77,-123.14,1785104380444.427
0.038,0.266,-1.118,-26.34,-37.39,-111.06,1785104380457.663
0.053,0.28,-1.042,-18.59,-34.06,-96.16,1785104380463.7761
0.053,0.313,-0.924,-5.58,-34.49,-78.89,1785104380474.092
0.078,0.456,-0.846,9.92,-39.31,-60.61,1785104380485.0923
0.136,0.57,-0.882,26.15,-46.24,-39.46,1785104380497.942
0.162,0.559,-1.011,34.18,-51.61,-19.96,1785104380504.306
0.132,0.436,-1.135,35.13,-53.1,-2.32,1785104380514.3052
0.063,0.273,-1.168,39.98,-52.03,14.34,1785104380524.97
-0.011,0.17,-1.059,50.33,-52.16,28.44,1785104380538.2458
-0.073,0.145,-0.947,56.25,-53.74,35.8,1785104380544.225
-0.117,0.126,-0.92,47.85,-52.92,36.1,1785104380554.668
-0.147,0.082,-0.903,22.89,-45.96,32.11,1785104380567.9
-0.161,-0.003,-0.85,-4.0,-35.52,29.3,1785104380573.849
-0.166,-0.103,-0.797,-16.02,-26.8,28.57,1785104380584.4211
-0.186,-0.172,-0.721,-7.17,-22.37,29.36,1785104380594.813
-0.222,-0.218,-0.631,13.55,-22.89,29.91,1785104380608.0889
-0.239,-0.229,-0.579,34.12,-26.67,29.82,1785104380614.006
-0.23,-0.198,-0.567,47.88,-32.14,31.07,1785104380624.542
-0.204,-0.113,-0.578,51.97,-38.27,33.27,1785104380637.8071
-0.156,-0.042,-0.642,45.47,-42.88,36.81,1785104380643.81
-0.154,-0.057,-0.679,29.27,-43.43,39.77,1785104380654.2231
-0.188,-0.124,-0.635,9.86,-43.49,41.72,1785104380664.776
-0.214,-0.221,-0.588,-0.12,-46.69,44.68,1785104380677.999
-0.244,-0.287,-0.576,-0.18,-52.03,48.1,1785104380684.0918
-0.276,-0.305,-0.582,3.75,-57.71,51.48,1785104380694.2039
-0.31,-0.309,-0.609,8.24,-62.72,53.87,1785104380704.8088
-0.328,-0.313,-0.655,11.14,-66.07,54.51,1785104380718.03
-0.328,-0.332,-0.684,10.96,-68.15,55.57,1785104380724.117
-0.324,-0.364,-0.714,7.6,-69.83,57.13,1785104380734.3582
-0.343,-0.395,-0.742,2.9,-71.57,57.71,1785104380744.943
-0.387,-0.416,-0.756,-1.86,-73.79,57.01,1785104380758.1921
-0.399,-0.414,-0.809,-4.82,-76.75,57.01,1785104380764.253
-0.374,-0.419,-0.835,-4.91,-78.92,58.96,1785104380774.3628
-0.348,-0.435,-0.85,-5.86,-81.48,59.79,1785104380784.946
-0.334,-0.457,-0.896,-9.74,-84.78,59.14,1785104380798.141
-0.338,-0.443,-0.945,-18.37,-87.47,57.5,1785104380804.3079
-0.361,-0.386,-1.024,-31.8,-89.27,55.54,1785104380814.579
-0.41,-0.319,-1.117,-47.94,-87.37,53.53,1785104380827.847
-0.447,-0.313,-1.14,-61.74,-81.39,50.94,1785104380833.7559
-0.46,-0.374,-1.048,-68.76,-74.83,48.62,1785104380844.274
-0.476,-0.445,-0.947,-64.33,-71.29,48.07,1785104380854.909
-0.498,-0.459,-0.884,-46.63,-70.41,47.0,1785104380868.222
-0.534,-0.447,-0.871,-21.82,-73.0,46.08,1785104380874.0781
-0.548,-0.431,-0.901,1.86,-76.51,46.11,1785104380884.522
-0.551,-0.42,-0.893,26.09,-80.29,47.58,1785104380897.951
-0.545,-0.386,-0.897,45.81,-83.62,49.13,1785104380904.0242
-0.549,-0.34,-0.925,55.91,-83.68,48.46,1785104380914.2358
-0.569,-0.306,-0.946,55.48,-82.46,45.9,1785104380924.8982
-0.59,-0.283,-0.924,44.5,-79.59,43.09,1785104380937.9622
-0.624,-0.243,-0.878,27.74,-75.9,40.19,1785104380943.626
-0.635,-0.239,-0.887,13.43,-74.07,40.53,1785104380954.647
-0.622,-0.325,-0.933,2.62,-70.93,43.73,1785104380967.8718
-0.612,-0.437,-0.892,-4.24,-65.4,48.65,1785104380973.782
-0.608,-0.548,-0.783,0.06,-62.29,53.83,1785104380984.0078
-0.631,-0.578,-0.682,18.28,-62.01,53.41,1785104380994.654
-0.651,-0.558,-0.616,47.79,-64.7,50.51,1785104381007.9097
-0.666,-0.524,-0.579,80.9,-69.46,48.46,1785104381013.7998
-0.687,-0.489,-0.577,110.35,-75.17,49.75,1785104381024.474
-0.685,-0.464,-0.653,131.93,-79.04,55.18,1785104381037.7158
-0.679,-0.44,-0.768,140.45,-79.38,61.83,1785104381043.7861
-0.675,-0.379,-0.851,129.12,-74.98,69.09,1785104381054.4373
-0.672,-0.334,-0.883,103.76,-66.5,74.07,1785104381067.7131
-0.676,-0.327,-0.867,70.44,-57.5,74.16,1785104381073.688
-0.686,-0.338,-0.83,36.47,-49.29,69.22,1785104381084.27
-0.708,-0.359,-0.746,11.75,-42.33,61.1,1785104381094.856
-0.749,-0.394,-0.607,-0.58,-39.98,52.98,1785104381108.1182
-0.798,-0.443,-0.539,-2.01,-42.36,48.1,1785104381113.976
-0.816,-0.489,-0.561,6.5,-45.53,50.87,1785104381124.298
-0.806,-0.528,-0.597,21.61,-47.12,59.57,1785104381134.957
-0.791,-0.565,-0.609,41.6,-47.36,69.37,1785104381148.206
-0.77,-0.572,-0.606,64.42,-46.27,77.27,1785104381154.434
-0.733,-0.545,-0.603,88.32,-43.49,82.06,1785104381164.537
-0.713,-0.496,-0.61,108.74,-38.67,83.19,1785104381177.9312
-0.736,-0.452,-0.596,122.5,-33.3,81.36,1785104381183.908
-0.775,-0.438,-0.589,130.5,-29.57,78.8,1785104381194.628
-0.801,-0.445,-0.615,135.87,-27.16,77.33,1785104381207.867
-0.81,-0.445,-0.658,138.25,-25.33,78.13,1785104381213.7979
-0.8,-0.426,-0.69,135.96,-22.68,81.55,1785104381224.642
-0.79,-0.407,-0.705,129.55,-17.88,84.96,1785104381237.8828
-0.787,-0.396,-0.68,118.59,-11.9,86.12,1785104381243.9812
-0.781,-0.408,-0.633,105.69,-5.28,84.93,1785104381254.548
-0.798,-0.441,-0.577,95.4,0.85,81.12,1785104381265.034
-0.824,-0.468,-0.523,90.06,5.04,77.82,1785104381278.285
-0.847,-0.491,-0.494,91.68,6.84,74.86,1785104381284.3972
-0.909,-0.476,-0.459,98.82,8.27,74.04,1785104381294.301
-0.835,-0.529,-0.476,109.78,5.62,78.37,1785104381307.611
-0.933,-0.505,-0.442,116.67,5.95,70.71,1785104381313.628
-0.943,-0.521,-0.446,125.92,6.74,73.98,1785104381324.206
-0.891,-0.509,-0.469,133.03,6.23,76.57,1785104381334.812
-0.865,-0.491,-0.498,137.0,8.15,76.91,1785104381348.1072
-0.84,-0.475,-0.511,134.92,11.44,77.82,1785104381354.1318
-0.821,-0.443,-0.513,127.93,15.93,77.21,1785104381364.733
-0.809,-0.422,-0.515,117.68,22.28,74.83,1785104381378.022
-0.808,-0.421,-0.503,104.77,29.24,71.44,1785104381384.228
-0.829,-0.44,-0.475,92.9,36.44,67.32,1785104381394.6062
-0.871,-0.485,-0.426,85.24,42.27,63.33,1785104381407.8872
-0.923,-0.546,-0.349,83.8,45.05,60.0,1785104381413.346
-0.954,-0.607,-0.285,90.15,44.53,57.71,1785104381424.324
-0.958,-0.65,-0.266,103.76,41.54,56.76,1785104381435.0122
-0.945,-0.664,-0.282,122.07,37.69,57.13,1785104381448.257
-0.925,-0.651,-0.314,141.45,33.6,57.8,1785104381454.273
-0.899,-0.622,-0.359,157.81,30.61,57.59,1785104381464.994
-0.865,-0.582,-0.399,168.19,29.79,56.76,1785104381478.219
-0.834,-0.54,-0.414,170.72,31.22,55.67,1785104381484.4712
-0.817,-0.509,-0.406,167.67,33.97,54.2,1785104381494.946
-0.813,-0.488,-0.388,160.53,37.78,51.82,1785104381508.2332
-0.814,-0.487,-0.362,150.55,41.17,48.86,1785104381514.091
-0.821,-0.499,-0.336,141.58,43.64,46.45,1785104381524.957
-0.825,-0.51,-0.332,136.11,44.65,44.8,1785104381538.2578
-0.823,-0.518,-0.327,133.03,44.83,43.7,1785104381544.216
-0.811,-0.513,-0.323,130.8,43.86,43.43,1785104381554.8853
-0.791,-0.491,-0.329,128.45,42.85,43.55,1785104381568.125
-0.777,-0.464,-0.334,123.81,41.93,44.16,1785104381574.161
-0.768,-0.437,-0.342,115.73,41.54,44.68,1785104381584.834
-0.761,-0.412,-0.345,104.92,41.72,45.01,1785104381598.098
-0.762,-0.396,-0.337,92.35,41.66,45.2,1785104381604.189
-0.77,-0.389,-0.321,78.92,41.57,45.23,1785104381614.636
-0.782,-0.396,-0.307,66.41,40.74,45.14,1785104381627.858
-0.79,-0.419,-0.307,55.88,39.31,44.92,1785104381633.8171
-0.797,-0.431,-0.311,47.52,37.87,44.65,1785104381644.356
-0.797,-0.431,-0.311,41.69,35.95,44.5,1785104381655.106
-0.805,-0.434,-0.311,37.26,33.57,44.25,1785104381668.239
-0.814,-0.429,-0.312,33.45,31.28,43.61,1785104381674.2231
-0.823,-0.425,-0.316,29.33,29.76,42.63,1785104381684.729
-0.835,-0.419,-0.318,25.79,28.17,42.05,1785104381697.9312
-0.848,-0.43,-0.312,25.79,28.17,42.05,1785104381704.011
-0.856,-0.44,-0.314,22.77,26.34,41.14,1785104381714.355
-0.859,-0.44,-0.318,20.66,24.51,40.22,1785104381725.021
-0.856,-0.436,-0.322,19.9,22.89,39.58,1785104381738.2578
-0.857,-0.423,-0.325,19.56,20.91,38.73,1785104381744.343
-0.857,-0.409,-0.329,18.68,19.04,37.6,1785104381754.781
-0.856,-0.397,-0.338,16.36,17.64,36.41,1785104381767.9548
-0.854,-0.389,-0.351,13.03,16.75,35.62,1785104381773.916
-0.853,-0.38,-0.362,9.64,16.08,35.1,1785104381784.368
-0.853,-0.363,-0.364,6.93,15.05,35.28,1785104381794.889
-0.849,-0.349,-0.368,4.58,14.1,35.89,1785104381808.1711
-0.846,-0.343,-0.372,1.95,14.01,35.58,1785104381814.0469
-0.845,-0.351,-0.375,-0.52,14.31,35.0,1785104381824.3489
-0.843,-0.363,-0.389,-2.11,14.34,34.58,1785104381834.89
-0.848,-0.37,-0.417,-0.98,15.08,34.33,1785104381848.1929
-0.854,-0.37,-0.422,1.8,16.08,35.1,1785104381854.037
-0.854,-0.372,-0.399,5.16,16.02,35.68,1785104381864.34
-0.848,-0.377,-0.359,10.47,14.1,35.34,1785104381874.978
-0.836,-0.378,-0.323,18.52,10.8,35.34,1785104381888.38
-0.827,-0.364,-0.304,28.08,6.81,35.13,1785104381893.919
-0.82,-0.344,-0.33,35.74,3.3,34.15,1785104381904.437
-0.828,-0.323,-0.374,39.03,2.14,31.8,1785104381917.9011
-0.84,-0.309,-0.413,38.03,2.04,28.99,1785104381923.645
-0.845,-0.299,-0.43,34.09,2.66,27.07,1785104381933.7769
-0.848,-0.296,-0.435,29.24,3.63,25.91,1785104381944.605
-0.853,-0.294,-0.434,25.09,4.36,25.09,1785104381957.8909
-0.854,-0.3,-0.428,22.28,3.97,24.11,1785104381964.0352
-0.854,-0.293,-0.418,20.97,2.35,23.04,1785104381974.346
-0.848,-0.283,-0.424,20.97,0.58,22.06,1785104381984.53
-0.848,-0.269,-0.436,19.38,-0.49,20.48,1785104381997.886
-0.853,-0.256,-0.442,14.56,-0.67,18.65,1785104382004.092
-0.851,-0.249,-0.445,7.26,-0.15,17.09,1785104382013.823
-0.851,-0.25,-0.438,-0.61,0.7,15.78,1785104382024.332
-0.855,-0.256,-0.422,-7.84,1.62,14.5,1785104382034.7842
-0.863,-0.27,-0.404,-13.25,2.32,13.49,1785104382048.0562
-0.867,-0.294,-0.394,-15.5,2.32,12.73,1785104382054.0217
-0.871,-0.3,-0.383,-14.98,1.65,11.81,1785104382064.2542
-0.875,-0.306,-0.377,-11.9,1.1,11.75,1785104382074.788
-0.878,-0.292,-0.374,-8.58,0.18,11.2,1785104382088.111
-0.875,-0.281,-0.371,-6.87,-0.34,11.2,1785104382093.902
-0.875,-0.278,-0.372,-6.5,-0.82,11.17,1785104382104.0571
-0.88,-0.274,-0.369,-6.78,-1.25,10.99,1785104382114.44
-0.881,-0.274,-0.365,-6.96,-1.56,10.53,1785104382124.918
-0.881,-0.276,-0.368,-7.23,-2.04,9.95,1785104382138.253
-0.881,-0.275,-0.374,-7.72,-2.47,9.28,1785104382143.954
-0.88,-0.272,-0.379,-8.48,-2.96,8.94,1785104382153.8958
-0.876,-0.265,-0.384,-9.37,-3.2,8.51,1785104382164.21
-0.873,-0.254,-0.391,-10.65,-3.2,8.03,1785104382174.767
-0.87,-0.246,-0.397,-12.82,-2.84,7.75,1785104382188.071
-0.869,-0.241,-0.388,-15.96,-2.38,7.14,1785104382193.794
-0.865,-0.239,-0.381,-19.04,-2.08,6.71,1785104382204.0242
-0.865,-0.24,-0.38,-21.55,-2.04,6.07,1785104382214.3481
-0.873,-0.243,-0.381,-23.74,-2.29,4.73,1785104382224.864
-0.879,-0.236,-0.387,-25.27,-2.93,3.85,1785104382238.155
-0.879,-0.219,-0.394,-26.37,-3.54,3.33,1785104382244.069
-0.871,-0.204,-0.405,-27.95,-4.12,2.62,1785104382253.8792
-0.863,-0.191,-0.419,-30.46,-4.18,2.17,1785104382264.491
-0.863,-0.185,-0.426,-34.09,-3.27,1.34,1785104382274.954
-0.871,-0.184,-0.427,-37.57,-2.26,-0.03,1785104382288.348
-0.875,-0.188,-0.421,-39.61,-1.37,-1.37,1785104382294.0002
-0.877,-0.196,-0.412,-40.71,-0.98,-2.87,1785104382304.23
-0.873,-0.203,-0.408,-40.25,-0.95,-4.52,1785104382314.5962
-0.876,-0.208,-0.407,-37.81,-1.28,-6.16,1785104382327.861
-0.884,-0.201,-0.405,-34.7,-2.2,-7.32,1785104382333.691
-0.882,-0.185,-0.409,-31.5,-3.11,-7.97,1785104382343.8962
-0.875,-0.168,-0.417,-28.63,-3.42,-8.58,1785104382354.2732
-0.868,-0.156,-0.427,-26.46,-3.23,-9.52,1785104382364.7612
-0.874,-0.148,-0.431,-24.75,-2.5,-10.44,1785104382377.9958
-0.875,-0.152,-0.426,-22.95,-1.95,-10.93,1785104382384.106
-0.871,-0.159,-0.418,-20.29,-2.2,-11.38,1785104382394.196
-0.868,-0.159,-0.417,-16.36,-2.66,-11.57,1785104382404.707
-0.866,-0.155,-0.417,-12.42,-3.57,-11.23,1785104382417.9749
-0.863,-0.145,-0.425,-9.43,-4.27,-10.59,1785104382424.151
-0.862,-0.135,-0.437,-7.54,-4.55,-9.92,1785104382433.887
-0.863,-0.129,-0.441,-6.81,-4.46,-9.13,1785104382444.299
-0.859,-0.128,-0.444,-6.87,-4.18,-8.24,1785104382454.732
-0.853,-0.128,-0.44,-7.14,-4.06,-7.05,1785104382467.91
-0.85,-0.131,-0.435,-6.9,-3.85,-5.65,1785104382473.582
-0.849,-0.132,-0.428,-6.13,-3.75,-4.18,1785104382483.731
-0.849,-0.137,-0.424,-5.31,-4.03,-2.9,1785104382493.979
-0.847,-0.14,-0.423,-4.7,-4.21,-1.71,1785104382504.3992
-0.85,-0.144,-0.431,-4.3,-4.03,-0.55,1785104382514.746
-0.854,-0.145,-0.438,-4.03,-3.72,0.49,1785104382528.0562
-0.858,-0.146,-0.441,-3.72,-3.48,1.4,1785104382533.6252
-0.857,-0.151,-0.442,-3.05,-3.17,2.29,1785104382543.781
-0.858,-0.153,-0.439,-2.59,-3.33,2.99,1785104382554.063
-0.864,-0.16,-0.437,-1.86,-3.48,3.66,1785104382564.579
-0.868,-0.168,-0.436,-1.04,-3.48,3.78,1785104382574.7761
-0.872,-0.174,-0.44,-0.34,-3.63,3.91,1785104382588.222
-0.874,-0.177,-0.444,0.58,-3.63,4.3,1785104382593.7058
-0.873,-0.179,-0.449,1.8,-3.57,4.24,1785104382603.904
-0.872,-0.185,-0.448,3.23,-3.54,4.15,1785104382614.066
-0.871,-0.192,-0.447,4.85,-3.54,3.63,1785104382624.459
-0.87,-0.194,-0.447,6.47,-3.48,3.2,1785104382634.897
-0.869,-0.191,-0.447,7.32,-3.11,2.75,1785104382648.125
-0.865,-0.19,-0.448,6.93,-2.9,2.38,1785104382653.823
-0.861,-0.193,-0.45,5.77,-2.41,2.11,1785104382663.915
-0.861,-0.193,-0.454,4.33,-1.65,2.14,1785104382674.1719
-0.861,-0.19,-0.45,2.23,-0.85,2.11,1785104382684.334
-0.853,-0.199,-0.448,0.21,-0.03,2.23,1785104382694.71
-0.847,-0.208,-0.438,-1.56,0.79,2.11,1785104382707.8909
-0.848,-0.214,-0.43,-1.89,1.28,1.89,1785104382713.829
-0.848,-0.216,-0.425,-1.16,1.28,1.98,1785104382724.0781
-0.845,-0.208,-0.422,-0.06,1.22,2.01,1785104382734.262
-0.843,-0.208,-0.422,0.92,1.13,2.01,1785104382744.696
-0.847,-0.208,-0.417,1.8,1.31,1.53,1785104382755.026
-0.848,-0.212,-0.414,2.38,1.07,1.37,1785104382768.279
-0.85,-0.209,-0.417,3.11,0.85,0.98,1785104382773.916
-0.854,-0.204,-0.419,3.02,0.64,0.82,1785104382783.968
-0.862,-0.202,-0.416,2.56,0.49,0.43,1785104382794.312
-0.867,-0.199,-0.415,1.71,0.18,0.09,1785104382804.461
-0.868,-0.201,-0.415,0.85,0.27,-0.12,1785104382817.926
-0.87,-0.203,-0.414,0.0,0.4,-0.27,1785104382823.781
-0.874,-0.205,-0.412,-0.55,0.27,-0.37,1785104382833.625
-0.871,-0.209,-0.411,-0.7,0.12,-0.52,1785104382843.977
-0.867,-0.207,-0.415,-0.85,-0.15,-0.76,1785104382854.3733
-0.87,-0.203,-0.42,-1.19,-0.27,-1.07,1785104382864.7837
-0.876,-0.199,-0.422,-1.95,-0.43,-1.16,1785104382878.029
-0.883,-0.196,-0.421,-3.17,-0.7,-1.28,1785104382884.4421
-0.888,-0.196,-0.423,-4.85,-1.01,-1.28,1785104382893.6401
-0.89,-0.194,-0.428,-6.81,-1.04,-1.25,1785104382906.0989
-0.891,-0.193,-0.432,-8.61,-1.07,-0.98,1785104382914.2231
-0.892,-0.192,-0.433,-10.44,-1.31,-1.04,1785104382924.636
-0.885,-0.19,-0.432,-11.57,-1.59,-1.1,1785104382938.2122
-0.885,-0.19,-0.432,-12.36,-1.56,-1.62,1785104382944.1973
-0.883,-0.191,-0.433,-13.25,-1.5,-2.29,1785104382954.159
-0.881,-0.194,-0.432,-13.67,-1.43,-2.96,1785104382964.274
-0.877,-0.192,-0.434,-13.52,-1.13,-3.85,1785104382977.8508
-0.873,-0.194,-0.436,-12.94,-0.98,-4.94,1785104382983.899
-0.873,-0.196,-0.433,-12.94,-0.98,-4.94,1785104382993.551
-0.868,-0.191,-0.425,-12.48,-1.25,-5.49,1785104383004.331
-0.859,-0.187,-0.422,-11.75,-1.4,-6.01,1785104383014.6648
